# window K=2 M=1, N=325, r0=249/1000; 29 components
# functionals: (-2,-1,Re) (-2,-1,Im) (-2,0,Re) (-2,0,Im) (-2,1,Re) (-2,1,Im) (-1,-1,Re) (-1,-1,Im) (-1,0,Re) (-1,0,Im) (-1,1,Re) (-1,1,Im) (0,-1,Re) (0,-1,Im) (0,0,Re) (0,0,Im) (0,1,Re) (0,1,Im) (1,-1,Re) (1,-1,Im) (1,0,Re) (1,0,Im) (1,1,Re) (1,1,Im) (2,-1,Re) (2,-1,Im) (2,0,Re) (2,0,Im) (2,1,Re) (2,1,Im)
component indices -190 25 -97 -166 115 -153 -135 -137 74 -177 191 0 28 -190 185 -47 114 153 168 -91 148 120 -55 183 173 80 -8 191 -180 66 | SEVEN 1300/7 325/7
component indices -50 76 -90 -17 -20 -89 -91 6 -41 -82 59 -69 -60 -69 40 -82 90 6 19 -89 89 -17 49 76 82 -38 66 61 -32 85 | EXTRA kappa = 1/4 ; cert -2 0 Im - 185/384 ; -1 -1 Im + 91/256 ; 2 0 Im - 125/768
component indices -216 256 -320 -101 -31 -334 -335 -19 -112 -316 248 -225 -186 -279 185 -279 328 64 111 -316 334 -19 145 301 319 -101 215 256 -154 297 | SEVEN 1300/7 1950/7
component indices -68 237 -246 29 -122 -216 -231 88 -171 -179 99 -227 -210 -132 40 -244 240 -57 -21 -247 219 -114 189 158 184 -165 222 107 -14 246 | EXTRA kappa = 1/4 ; cert -2 1 Im - 5/24 ; -1 1 Im - 7/22 ; 2 1 Im - 125/264
component indices -86 31 -62 -67 37 -83 -77 -50 16 -90 88 -20 -7 -91 81 -41 68 59 68 -60 81 40 -7 90 88 19 16 89 -77 49 | EXTRA kappa = 1/4 ; cert -2 0 Re + 125/1932 ; 1 -1 Re - 13/28 ; 2 1 Re - 65/138
component indices -67 179 -192 7 -81 -174 -184 54 -121 -149 90 -169 -154 -115 46 -186 189 -29 -1 -192 176 -75 136 134 152 -116 165 96 -26 189 | SEVEN 325/7 1300/7
component indices -90 71 -101 -56 12 -115 -112 -29 -17 -114 98 -59 -44 -107 81 -82 106 43 58 -99 113 16 28 111 114 -13 55 100 -72 89 | EXTRA kappa = 1/4 ; cert -2 -1 Re + 5/17 ; -2 -1 Im - 7/24 ; -2 1 Im - 169/408
component indices -240 191 -269 -148 32 -305 -297 -77 -44 -304 263 -157 -117 -284 216 -217 283 116 156 -264 303 43 76 296 304 -33 147 268 -192 239 | MAIN Q22 0 0
component indices -99 152 -179 -33 -39 -178 -182 12 -82 -163 118 -138 -119 -138 81 -163 181 12 38 -178 178 -33 98 152 165 -76 133 123 -63 170 | EXTRA kappa = 1/4 ; cert -2 -1 Re + 65/144 ; -1 0 Re - 1/16 ; 0 0 Re + 35/72
component indices -108 233 -257 -10 -90 -241 -252 53 -147 -212 138 -217 -194 -169 81 -244 256 -19 18 -257 243 -82 168 193 216 -139 211 146 -54 251 | EXTRA kappa = 1/4 ; cert -1 1 Im - 845/1804 ; 0 -1 Re + 19/41 ; 0 -1 Im + 3/44
component indices -228 83 -165 -178 100 -221 -204 -132 43 -239 236 -52 -17 -242 216 -109 183 158 183 -159 216 108 -17 241 236 51 43 238 -204 131 | MAIN Q21 0 0
component indices -113 273 -296 1 -116 -273 -287 74 -179 -236 148 -256 -232 -185 81 -285 293 -35 8 -296 276 -106 203 214 241 -171 250 157 -50 291 | EXTRA kappa = 1/4 ; cert 1 1 Re - 65/152 ; 2 -1 Re - 13/114 ; 2 0 Re + 11/24
component indices -62 133 -147 -6 -52 -138 -144 30 -84 -121 79 -124 -111 -97 46 -140 146 -11 10 -147 139 -47 96 110 123 -80 120 83 -31 143 | SEVEN 325/7 975/7
component indices -171 62 -124 -134 75 -166 -153 -99 32 -179 177 -39 -13 -182 162 -82 137 118 137 -119 162 81 -13 181 177 38 32 178 -153 98 | EXTRA kappa = 1/4 ; cert -1 0 Im + 25/72 ; 1 1 Im + 143/288 ; 2 0 Im - 5/32
component indices -180 143 -202 -111 24 -229 -223 -58 -33 -228 197 -118 -88 -213 162 -163 212 87 117 -198 227 32 57 222 228 -25 110 201 -144 179 | MAIN C 0 0
component indices -189 224 -280 -88 -27 -292 -293 -17 -98 -277 217 -197 -163 -244 162 -244 287 56 97 -277 292 -17 127 263 279 -88 188 224 -135 260 | EXTRA kappa = 1/4 ; cert -2 -1 Im + 125/768 ; 1 0 Im - 91/256 ; 2 -1 Im + 185/384
component indices -298 153 -257 -216 100 -320 -302 -146 18 -335 315 -112 -65 -329 278 -186 278 185 224 -249 315 111 18 334 333 30 100 319 -257 215 | SEVEN 1950/7 1300/7
component indices -247 13 -108 -223 164 -185 -159 -190 113 -220 246 20 56 -241 243 -41 131 209 226 -100 178 170 -89 230 215 121 -30 245 -238 67 | EXTRA kappa = 1/4 ; cert -2 -1 Re + 13/36 ; -2 0 Re - 5/18 ; -2 1 Re + 13/36
component indices -132 203 -239 -44 -52 -237 -242 16 -109 -217 158 -184 -159 -184 108 -217 241 16 51 -237 238 -44 131 203 220 -101 177 164 -84 227 | MAIN Q12 0 0
component indices -252 53 -147 -212 138 -217 -194 -169 81 -244 256 -19 18 -257 243 -82 168 193 216 -139 211 146 -54 251 240 89 9 256 -234 107 | EXTRA kappa = 1/4 ; cert -2 -1 Re - 7/24 ; -2 -1 Im - 5/17 ; -2 1 Re - 169/408
component indices -261 134 -225 -189 87 -280 -264 -128 16 -293 276 -98 -57 -288 243 -163 243 162 196 -218 276 97 16 292 291 26 87 279 -225 188 | EXTRA kappa = 1/4 ; cert -2 0 Re - 35/72 ; -1 0 Re + 1/16 ; 0 1 Re - 65/144
component indices -120 95 -135 -74 16 -153 -149 -39 -22 -152 131 -79 -59 -142 108 -109 141 58 78 -132 151 21 38 148 152 -17 73 134 -96 119 | MAIN Q11 0 0
component indices -270 215 -303 -166 36 -343 -334 -87 -49 -342 296 -177 -132 -319 243 -244 318 131 176 -297 341 48 86 333 342 -37 165 302 -216 269 | EXTRA kappa = 1/4 ; cert -2 -1 Im + 65/352 ; -1 0 Re + 37/77 ; 1 0 Im - 75/224
component indices -293 107 -212 -229 129 -284 -262 -170 55 -307 304 -67 -22 -311 278 -140 235 203 235 -204 278 139 -22 310 304 66 55 306 -262 169 | SEVEN 1950/7 975/7
component indices -274 255 -342 -155 11 -375 -369 -66 -82 -366 306 -216 -169 -335 243 -285 356 115 166 -336 373 24 121 354 368 -69 204 313 -211 309 | EXTRA kappa = 1/4 ; cert -2 1 Re + 65/256 ; -1 0 Re - 63/128 ; 0 -1 Re + 65/256
component indices -292 49 -158 -251 170 -242 -215 -204 105 -277 295 -9 34 -294 284 -82 184 231 255 -149 235 178 -75 286 272 115 -2 295 -274 112 | EXTRA kappa = 1/4 ; cert -2 0 Im - 5/24 ; -1 0 Im - 7/22 ; 2 0 Im - 125/264
component indices -144 30 -84 -121 79 -124 -111 -97 46 -140 146 -11 10 -147 139 -47 96 110 123 -80 120 83 -31 143 137 51 5 146 -134 61 | SEVEN 975/7 325/7
component indices -310 210 -314 -205 68 -369 -355 -122 -25 -374 335 -167 -116 -357 284 -244 334 168 215 -307 365 81 65 368 374 -12 154 341 -256 273 | EXTRA kappa = 1/4 ; cert -1 0 Im + 15/44 ; 0 1 Im - 13/68 ; 2 0 Im + 175/374
component indices -170 261 -307 -56 -67 -305 -311 21 -140 -279 203 -236 -204 -236 139 -279 310 21 66 -305 306 -56 169 261 283 -130 228 211 -108 292 | SEVEN 975/7 1950/7
