46 -31 61 -11 79 -6 83 10 96 30 110 46 120 51 123 79 137 83 139 96 143 110 146 120 146 123 146 133 143 139
46 -26 66 0 90 7 96 28 114 54 134 74 148 80 152 115 173 120 176 136 183 153 189 165 191 168 191 179 189 185
108 -96 119 -79 131 -74 134 -59 141 -39 148 -22 151 -17 152 16 152 21 151 38 148 58 141 73 134 78 131 95 119 108
108 -84 131 -52 158 -44 164 -17 183 16 203 43 216 51 220 100 236 108 238 131 241 158 241 177 238 183 236 203 227 216
139 -134 143 -124 146 -121 146 -111 146 -97 143 -84 139 -80 137 -52 123 -47 120 -31 110 -11 96 5 83 10 79 30 61 46
139 -108 169 -67 203 -56 211 -22 235 21 261 55 278 66 283 129 304 139 306 169 310 203 310 228 306 235 304 261 292 278
162 -144 179 -118 197 -111 201 -88 212 -58 222 -33 227 -25 228 24 228 32 227 57 222 87 212 110 201 117 197 143 179 162
185 -180 189 -169 191 -166 191 -154 189 -137 183 -121 176 -116 173 -81 152 -75 148 -55 134 -29 114 -8 96 -1 90 25 66 46
185 -154 215 -112 248 -101 256 -65 278 -19 301 18 315 30 319 100 333 111 334 145 334 185 328 215 319 224 315 256 297 278
216 -204 227 -184 236 -178 238 -159 241 -132 241 -109 238 -101 236 -52 220 -44 216 -17 203 16 183 43 164 51 158 83 131 108
216 -192 239 -157 263 -148 268 -117 283 -77 296 -44 303 -33 304 32 304 43 303 76 296 116 283 147 268 156 263 191 239 216
278 -262 292 -236 304 -229 306 -204 310 -170 310 -140 306 -130 304 -67 283 -56 278 -22 261 21 235 55 211 66 203 107 169 139
278 -257 297 -225 315 -216 319 -186 328 -146 334 -112 334 -101 333 -31 319 -19 315 18 301 64 278 100 256 111 248 153 215 185
