40 -32 49 -20 59 -17 61 -7 68 6 76 16 81 19 82 37 88 40 89 49 90 59 90 66 89 68 88 76 85 81
40 -14 67 20 99 29 107 56 131 88 158 113 178 121 184 164 215 170 219 189 230 209 240 222 245 226 246 237 246 243
46 -31 61 -11 79 -6 83 10 96 30 110 46 120 51 123 79 137 83 139 96 143 110 146 120 146 123 146 133 143 139
46 -26 66 0 90 7 96 28 114 54 134 74 148 80 152 115 173 120 176 136 183 153 189 165 191 168 191 179 189 185
81 -77 85 -69 88 -67 89 -60 90 -50 90 -41 89 -38 88 -20 82 -17 81 -7 76 6 68 16 61 19 59 31 49 40
81 -72 89 -59 98 -56 100 -44 106 -29 111 -17 113 -13 114 12 114 16 113 28 111 43 106 55 100 58 98 71 89 81
81 -63 98 -39 118 -33 123 -13 137 12 152 32 162 38 165 75 177 81 178 98 181 118 181 133 178 137 177 152 170 162
81 -54 107 -19 138 -10 146 18 168 53 193 81 211 89 216 138 240 146 243 168 251 193 256 211 256 216 256 233 251 243
81 -50 112 -9 148 1 157 34 184 74 214 105 235 115 241 170 272 178 276 203 286 231 293 250 295 255 295 273 291 284
108 -96 119 -79 131 -74 134 -59 141 -39 148 -22 151 -17 152 16 152 21 151 38 148 58 141 73 134 78 131 95 119 108
108 -84 131 -52 158 -44 164 -17 183 16 203 43 216 51 220 100 236 108 238 131 241 158 241 177 238 183 236 203 227 216
139 -134 143 -124 146 -121 146 -111 146 -97 143 -84 139 -80 137 -52 123 -47 120 -31 110 -11 96 5 83 10 79 30 61 46
139 -108 169 -67 203 -56 211 -22 235 21 261 55 278 66 283 129 304 139 306 169 310 203 310 228 306 235 304 261 292 278
162 -153 170 -138 177 -134 178 -119 181 -99 181 -82 178 -76 177 -39 165 -33 162 -13 152 12 137 32 123 38 118 62 98 81
162 -144 179 -118 197 -111 201 -88 212 -58 222 -33 227 -25 228 24 228 32 227 57 222 87 212 110 201 117 197 143 179 162
162 -135 188 -98 217 -88 224 -57 243 -17 263 16 276 26 279 87 291 97 292 127 292 162 287 188 279 196 276 224 260 243
185 -180 189 -169 191 -166 191 -154 189 -137 183 -121 176 -116 173 -81 152 -75 148 -55 134 -29 114 -8 96 -1 90 25 66 46
185 -154 215 -112 248 -101 256 -65 278 -19 301 18 315 30 319 100 333 111 334 145 334 185 328 215 319 224 315 256 297 278
216 -204 227 -184 236 -178 238 -159 241 -132 241 -109 238 -101 236 -52 220 -44 216 -17 203 16 183 43 164 51 158 83 131 108
216 -192 239 -157 263 -148 268 -117 283 -77 296 -44 303 -33 304 32 304 43 303 76 296 116 283 147 268 156 263 191 239 216
243 -238 246 -227 246 -223 245 -210 240 -190 230 -171 219 -165 215 -122 184 -114 178 -89 158 -57 131 -30 107 -21 99 13 67 40
243 -234 251 -217 256 -212 256 -194 256 -169 251 -147 243 -139 240 -90 216 -82 211 -54 193 -19 168 9 146 18 138 53 107 81
243 -225 260 -197 276 -189 279 -163 287 -128 292 -98 292 -88 291 -27 279 -17 276 16 263 56 243 87 224 97 217 134 188 162
243 -216 269 -177 296 -166 302 -132 318 -87 333 -49 341 -37 342 36 342 48 341 86 333 131 318 165 302 176 296 215 269 243
243 -211 273 -167 306 -155 313 -116 334 -66 354 -25 365 -12 368 68 374 81 373 121 368 168 356 204 341 215 335 255 309 284
278 -262 292 -236 304 -229 306 -204 310 -170 310 -140 306 -130 304 -67 283 -56 278 -22 261 21 235 55 211 66 203 107 169 139
278 -257 297 -225 315 -216 319 -186 328 -146 334 -112 334 -101 333 -31 319 -19 315 18 301 64 278 100 256 111 248 153 215 185
284 -274 291 -256 295 -251 295 -232 293 -204 286 -179 276 -171 272 -116 241 -106 235 -75 214 -35 184 -2 157 8 148 49 112 81
284 -256 309 -216 335 -205 341 -169 356 -122 368 -82 373 -69 374 11 368 24 365 65 354 115 334 154 313 166 306 210 273 243
