9 -5 13 -2 15 1 17 3 18 9 20 11 20 13 20 15 20 18
9 2 20 9 26 15 31 20 35 31 42 35 44 39 46 42 47 46
18 -16 20 -14 20 -12 20 -10 20 -4 18 -2 17 1 15 4 13 9
18 -5 31 4 38 12 44 18 48 33 55 38 57 44 58 49 58 55
21 -16 26 -12 28 -8 29 -5 30 4 30 7 29 11 28 15 26 21
21 -11 31 -4 36 3 40 8 43 21 47 26 48 31 48 36 47 43
32 -24 39 -18 42 -12 44 -7 45 6 45 11 44 17 42 23 39 32
43 -37 47 -32 48 -27 48 -22 47 -9 43 -4 40 3 36 10 31 21
43 -32 52 -24 56 -16 59 -9 60 8 60 15 59 23 56 31 52 43
46 -43 47 -40 46 -36 44 -32 42 -21 35 -16 31 -10 26 -3 20 9
46 -32 58 -22 64 -12 68 -4 70 16 72 24 71 33 69 42 65 55
55 -50 58 -45 58 -39 57 -34 55 -19 48 -13 44 -5 38 4 31 18
55 -43 65 -34 69 -25 71 -17 72 3 70 11 68 21 64 31 58 46
