# N 1625 r 13 50 rotations 84 functionals 42
# F 1625 0
# F 0 1625
# F 1624 57
# F 57 -1624
# F 1624 -57
# F 57 1624
# F 1615 180
# F 180 -1615
# F 1615 -180
# F 180 1615
# F 1575 400
# F 400 -1575
# F 1575 -400
# F 400 1575
# F 1560 455
# F 455 -1560
# F 1560 -455
# F 455 1560
# F 1521 572
# F 572 -1521
# F 1521 -572
# F 572 1521
# F 1500 625
# F 625 -1500
# F 1500 -625
# F 625 1500
# F 1400 825
# F 825 -1400
# F 1400 -825
# F 825 1400
# F 1300 975
# F 975 -1300
# F 1300 -975
# F 975 1300
# F 1265 1020
# F 1020 -1265
# F 1265 -1020
# F 1020 1265
# F 1184 1113
# F 1113 -1184
# F 1184 -1113
# F 1113 1184
2314941 2315613 4631250
2316309 2315637 4631250
2314941 2315637 4631250
2316309 2315613 4631250
4178340 8357130 14625000
10446660 6267870 14625000
4178340 6267870 14625000
10446660 8357130 14625000
10834800 21666850 32500000
21665200 10833150 32500000
10834800 10833150 32500000
21665200 21666850 32500000
12324585 12323155 36968750
24644165 24645595 36968750
12324585 24645595 36968750
24644165 12323155 36968750
22632675 33950475 79218750
56586075 45268275 79218750
22632675 45268275 79218750
56586075 33950475 79218750
2315637 2314941 4631250
2315613 2316309 4631250
2315613 2314941 4631250
2315637 2316309 4631250
6267870 4178340 14625000
8357130 10446660 14625000
8357130 4178340 14625000
6267870 10446660 14625000
10833150 10834800 32500000
21666850 21665200 32500000
21666850 10834800 32500000
10833150 21665200 32500000
24645595 12324585 36968750
12323155 24644165 36968750
12323155 12324585 36968750
24645595 24644165 36968750
45268275 22632675 79218750
33950475 56586075 79218750
33950475 22632675 79218750
45268275 56586075 79218750
3085182 3085600 9256800
3085182 6171200 9256800
6171618 3085600 9256800
6171618 6171200 9256800
3337299 3337717 10013250
3337299 6675467 10013250
4291551 7152333 10013250
5005149 5006517 10013250
5008101 5006733 10013250
5721699 2860917 10013250
6675951 3337783 10013250
6675951 6675533 10013250
11995809 7997437 27991250
15995441 19993813 27991250
23581266 15721588 55025000
31443734 39303412 55025000
30421134 50699712 70980000
40558866 20280288 70980000
3085600 6171618 9256800
6171200 6171618 9256800
3085600 3085182 9256800
6171200 3085182 9256800
3337717 6675951 10013250
6675467 6675951 10013250
7152333 5721699 10013250
5006517 5008101 10013250
5006733 5005149 10013250
2860917 4291551 10013250
3337783 3337299 10013250
6675533 3337299 10013250
7997437 15995441 27991250
19993813 11995809 27991250
15721588 31443734 55025000
39303412 23581266 55025000
50699712 40558866 70980000
20280288 30421134 70980000
3337299 6675533 10013250
3337299 3337783 10013250
4291551 2860917 10013250
5005149 5006733 10013250
5008101 5006517 10013250
5721699 7152333 10013250
6675951 6675467 10013250
6675951 3337717 10013250
11995809 19993813 27991250
15995441 7997437 27991250
23581266 39303412 55025000
31443734 15721588 55025000
30421134 20280288 70980000
40558866 50699712 70980000
3337717 3337299 10013250
6675467 3337299 10013250
7152333 4291551 10013250
5006517 5005149 10013250
5006733 5008101 10013250
2860917 5721699 10013250
3337783 6675951 10013250
6675533 6675951 10013250
7997437 11995809 27991250
19993813 15995441 27991250
15721588 23581266 55025000
39303412 31443734 55025000
50699712 30421134 70980000
20280288 40558866 70980000
6040860 6041520 18125000
7768140 12946480 18125000
9059860 9062020 18125000
9065140 9062980 18125000
10356860 5178520 18125000
12084140 12083480 18125000
7566075 15133965 22701250
15135175 7567285 22701250
20278920 40559550 70980000
50701080 30420450 70980000
6041520 12084140 18125000
12946480 10356860 18125000
9062020 9065140 18125000
9062980 9059860 18125000
5178520 7768140 18125000
12083480 6040860 18125000
15133965 15135175 22701250
7567285 7566075 22701250
40559550 50701080 70980000
30420450 20278920 70980000
6040860 12083480 18125000
7768140 5178520 18125000
9059860 9062980 18125000
9065140 9062020 18125000
10356860 12946480 18125000
12084140 6041520 18125000
7566075 7567285 22701250
15135175 15133965 22701250
20278920 30420450 70980000
50701080 40559550 70980000
6041520 6040860 18125000
12946480 7768140 18125000
9062020 9059860 18125000
9062980 9065140 18125000
5178520 10356860 18125000
12083480 12084140 18125000
15133965 7566075 22701250
7567285 15135175 22701250
40559550 20278920 70980000
30420450 50701080 70980000
2314965 2315445 4631250
2316285 2315805 4631250
6267636 4178502 14625000
8357364 10446498 14625000
6405425 6405975 19218750
6407075 12812775 19218750
12811675 6405975 19218750
12813325 12812775 19218750
23582940 39303970 55025000
31442060 15721030 55025000
2315445 2316285 4631250
2315805 2314965 4631250
4178502 8357364 14625000
10446498 6267636 14625000
6405975 12813325 19218750
12812775 12811675 19218750
6405975 6407075 19218750
12812775 6405425 19218750
39303970 31442060 55025000
15721030 23582940 55025000
2314965 2315805 4631250
2316285 2315445 4631250
6267636 10446498 14625000
8357364 4178502 14625000
6405425 12812775 19218750
6407075 6405975 19218750
12811675 12812775 19218750
12813325 6405975 19218750
23582940 15721030 55025000
31442060 39303970 55025000
2315445 2314965 4631250
2315805 2316285 4631250
4178502 6267636 14625000
10446498 8357364 14625000
6405975 6405425 19218750
12812775 6407075 19218750
6405975 12811675 19218750
12812775 12813325 19218750
39303970 23582940 55025000
15721030 31442060 55025000
20281170 30420000 70980000
20281170 40560000 70980000
50698830 30420000 70980000
50698830 40560000 70980000
2861079 4291443 10013250
3338179 3337893 10013250
3337321 6675357 10013250
5005221 5006157 10013250
5008029 5007093 10013250
6675929 3337893 10013250
6675071 6675357 10013250
7152171 5721807 10013250
4178790 8357220 14625000
10446210 6267780 14625000
30420000 50698830 70980000
40560000 50698830 70980000
30420000 20281170 70980000
40560000 20281170 70980000
4291443 7152171 10013250
3337893 6675071 10013250
6675357 6675929 10013250
5006157 5008029 10013250
5007093 5005221 10013250
3337893 3337321 10013250
6675357 3338179 10013250
5721807 2861079 10013250
8357220 10446210 14625000
6267780 4178790 14625000
2861079 5721807 10013250
3338179 6675357 10013250
3337321 3337893 10013250
5005221 5007093 10013250
5008029 5006157 10013250
6675929 6675357 10013250
6675071 3337893 10013250
7152171 4291443 10013250
4178790 6267780 14625000
10446210 8357220 14625000
4291443 2861079 10013250
3337893 3338179 10013250
6675357 3337321 10013250
5006157 5005221 10013250
5007093 5008029 10013250
3337893 6675929 10013250
6675357 6675071 10013250
5721807 7152171 10013250
8357220 4178790 14625000
6267780 10446210 14625000
2314989 2315373 4631250
2316261 2315877 4631250
7568011 7567527 22701250
15133239 15133723 22701250
12321439 24645023 36968750
24647311 12323727 36968750
20280936 30420702 70980000
50699064 40559298 70980000
24946956 16631304 58211400
33264444 41580096 58211400
2315373 2316261 4631250
2315877 2314989 4631250
7567527 15133239 22701250
15133723 7568011 22701250
24645023 24647311 36968750
12323727 12321439 36968750
30420702 50699064 70980000
40559298 20280936 70980000
16631304 33264444 58211400
41580096 24946956 58211400
2314989 2315877 4631250
2316261 2315373 4631250
7568011 15133723 22701250
15133239 7567527 22701250
20280936 40559298 70980000
50699064 30420702 70980000
12321439 12323727 36968750
24647311 24645023 36968750
24946956 41580096 58211400
33264444 16631304 58211400
2315373 2314989 4631250
2315877 2316261 4631250
7567527 7568011 22701250
15133723 15133239 22701250
30420702 20280936 70980000
40559298 50699064 70980000
24645023 12321439 36968750
12323727 24647311 36968750
16631304 24946956 58211400
41580096 33264444 58211400
6042400 12083700 18125000
10357400 5178700 18125000
9060100 9061300 18125000
9064900 9063700 18125000
7767600 12946300 18125000
12082600 6041300 18125000
22634925 45268725 79218750
56583825 33950025 79218750
10832050 10832600 32500000
21667950 21667400 32500000
12083700 12082600 18125000
5178700 7767600 18125000
9061300 9064900 18125000
9063700 9060100 18125000
12946300 10357400 18125000
6041300 6042400 18125000
45268725 56583825 79218750
33950025 22634925 79218750
10832600 21667950 32500000
21667400 10832050 32500000
22634925 33950025 79218750
56583825 45268725 79218750
6042400 6041300 18125000
10357400 12946300 18125000
9060100 9063700 18125000
9064900 9061300 18125000
7767600 5178700 18125000
12082600 12083700 18125000
10832050 21667400 32500000
21667950 10832600 32500000
45268725 22634925 79218750
33950025 56583825 79218750
12083700 6042400 18125000
5178700 10357400 18125000
9061300 9060100 18125000
9063700 9064900 18125000
12946300 7767600 18125000
6041300 12082600 18125000
10832600 10832050 32500000
21667400 21667950 32500000
6268050 4178700 14625000
7310700 7311300 14625000
7314300 7313700 14625000
8356950 10446300 14625000
6406965 6406745 19218750
6406965 12812995 19218750
12811785 6405755 19218750
12811785 12812005 19218750
4178700 8356950 14625000
7311300 7314300 14625000
7313700 7310700 14625000
10446300 6268050 14625000
6406745 12811785 19218750
12812995 12811785 19218750
6405755 6406965 19218750
12812005 6406965 19218750
6268050 10446300 14625000
7310700 7313700 14625000
7314300 7311300 14625000
8356950 4178700 14625000
6406965 12812005 19218750
6406965 6405755 19218750
12811785 12812995 19218750
12811785 6406745 19218750
4178700 6268050 14625000
7311300 7310700 14625000
7313700 7314300 14625000
10446300 8356950 14625000
6406745 6406965 19218750
12812995 6406965 19218750
6405755 12811785 19218750
12812005 12811785 19218750
12321725 12321725 36968750
24647025 24647025 36968750
2315085 2315205 4631250
2316165 2316045 4631250
4178394 6267708 14625000
10446606 8357292 14625000
7566317 15133481 22701250
15134933 7567769 22701250
12321725 24647025 36968750
24647025 12321725 36968750
2315205 2316165 4631250
2316045 2315085 4631250
6267708 10446606 14625000
8357292 4178394 14625000
15133481 15134933 22701250
7567769 7566317 22701250
2315085 2316045 4631250
2316165 2315205 4631250
7566317 7567769 22701250
15134933 15133481 22701250
4178394 8357292 14625000
10446606 6267708 14625000
2315205 2315085 4631250
2316045 2316165 4631250
15133481 7566317 22701250
7567769 15134933 22701250
6267708 4178394 14625000
8357292 10446606 14625000
3338091 3338047 10013250
2860809 5721753 10013250
3338091 6675797 10013250
5005509 5005653 10013250
5007741 5007597 10013250
6675159 3337453 10013250
7152441 4291497 10013250
6675159 6675203 10013250
10356932 5178376 18125000
7768068 12946624 18125000
3338047 6675159 10013250
5721753 7152441 10013250
6675797 6675159 10013250
5005653 5007741 10013250
5007597 5005509 10013250
3337453 3338091 10013250
4291497 2860809 10013250
6675203 3338091 10013250
5178376 7768068 18125000
12946624 10356932 18125000
10356932 12946624 18125000
7768068 5178376 18125000
3338091 6675203 10013250
2860809 4291497 10013250
3338091 3337453 10013250
5005509 5007597 10013250
5007741 5005653 10013250
6675159 6675797 10013250
7152441 5721753 10013250
6675159 3338047 10013250
5178376 10356932 18125000
12946624 7768068 18125000
3338047 3338091 10013250
5721753 2860809 10013250
6675797 3338091 10013250
5005653 5005509 10013250
5007597 5007741 10013250
3337453 6675159 10013250
4291497 7152441 10013250
6675203 6675159 10013250
2718377 2718377 8154350
4076323 4076323 8154350
4078027 4078027 8154350
5435973 5435973 8154350
2718377 5435973 8154350
4076323 4078027 8154350
4078027 4076323 8154350
5435973 2718377 8154350
# pairs 14583919424 inside 5922821764 out 420
