# N 325 r 249 1000 rotations 60 functionals 30
# F 325 0
# F 0 325
# F 323 36
# F 36 -323
# F 323 -36
# F 36 323
# F 315 80
# F 80 -315
# F 315 -80
# F 80 315
# F 312 91
# F 91 -312
# F 312 -91
# F 91 312
# F 300 125
# F 125 -300
# F 300 -125
# F 125 300
# F 280 165
# F 165 -280
# F 280 -165
# F 165 280
# F 260 195
# F 195 -260
# F 260 -195
# F 195 260
# F 253 204
# F 204 -253
# F 253 -204
# F 204 253
2924964 1462498 11700000
2924964 10237498 11700000
5012964 10028498 11700000
5840964 5849498 11700000
5859036 5850502 11700000
6687036 1671502 11700000
8775036 1462502 11700000
8775036 10237502 11700000
2924964 10237502 11700000
2924964 1462502 11700000
5012964 1671502 11700000
5840964 5850502 11700000
5859036 5849498 11700000
6687036 10028498 11700000
8775036 10237498 11700000
8775036 1462498 11700000
8659920 17332490 26000000
17340080 8667510 26000000
8659920 8667510 26000000
17340080 17332490 26000000
7393659 22181237 29575000
9850659 9857237 29575000
19724341 19717763 29575000
22181341 7393763 29575000
7393659 7393763 29575000
9850659 19717763 29575000
19724341 9857237 29575000
22181341 22181237 29575000
10156125 10156225 40625000
30468875 30468775 40625000
10156125 30468775 40625000
30468875 10156225 40625000
27153555 9051185 63375000
36221445 54323815 63375000
27153555 54323815 63375000
36221445 9051185 63375000
16574796 33149928 66300000
49725204 33150072 66300000
16574796 33150072 66300000
49725204 33149928 66300000
1462502 2924964 11700000
10237502 2924964 11700000
1671502 5012964 11700000
5850502 5840964 11700000
5849498 5859036 11700000
10028498 6687036 11700000
1462498 8775036 11700000
10237498 8775036 11700000
1462498 2924964 11700000
10237498 2924964 11700000
10028498 5012964 11700000
5849498 5840964 11700000
5850502 5859036 11700000
1671502 6687036 11700000
1462502 8775036 11700000
10237502 8775036 11700000
8667510 8659920 26000000
17332490 17340080 26000000
17332490 8659920 26000000
8667510 17340080 26000000
7393763 7393659 29575000
19717763 9850659 29575000
9857237 19724341 29575000
22181237 22181341 29575000
22181237 7393659 29575000
9857237 9850659 29575000
19717763 19724341 29575000
7393763 22181341 29575000
30468775 10156125 40625000
10156225 30468875 40625000
10156225 10156125 40625000
30468775 30468875 40625000
54323815 27153555 63375000
9051185 36221445 63375000
9051185 27153555 63375000
54323815 36221445 63375000
33150072 16574796 66300000
33149928 49725204 66300000
33149928 16574796 66300000
33150072 49725204 66300000
5814072 5814000 23256000
5814072 11628000 23256000
5814072 17442000 23256000
7758072 7752000 23256000
7758072 15504000 23256000
15497928 7752000 23256000
15497928 15504000 23256000
17441928 5814000 23256000
17441928 11628000 23256000
17441928 17442000 23256000
2073044 8286008 14500000
3625044 3625008 14500000
3625044 7250008 14500000
3625044 10875008 14500000
4837044 4834008 14500000
7238956 7247992 14500000
7261044 7252008 14500000
9662956 9665992 14500000
10874956 3624992 14500000
10874956 7249992 14500000
10874956 10874992 14500000
12426956 6213992 14500000
6058305 12108261 18161000
12102695 6052739 18161000
9060951 36212707 63375000
54314049 27162293 63375000
19239776 9619872 76960000
19239776 67339872 76960000
57720224 9620128 76960000
57720224 67340128 76960000
24329832 48669430 56784000
32454168 8114570 56784000
5814000 17441928 23256000
11628000 17441928 23256000
17442000 17441928 23256000
7752000 15497928 23256000
15504000 15497928 23256000
7752000 7758072 23256000
15504000 7758072 23256000
5814000 5814072 23256000
11628000 5814072 23256000
17442000 5814072 23256000
8286008 12426956 14500000
3625008 10874956 14500000
7250008 10874956 14500000
10875008 10874956 14500000
4834008 9662956 14500000
7247992 7261044 14500000
7252008 7238956 14500000
9665992 4837044 14500000
3624992 3625044 14500000
7249992 3625044 14500000
10874992 3625044 14500000
6213992 2073044 14500000
12108261 12102695 18161000
6052739 6058305 18161000
36212707 54314049 63375000
27162293 9060951 63375000
9619872 57720224 76960000
67339872 57720224 76960000
9620128 19239776 76960000
67340128 19239776 76960000
48669430 32454168 56784000
8114570 24329832 56784000
2073044 6213992 14500000
3625044 10874992 14500000
3625044 7249992 14500000
3625044 3624992 14500000
4837044 9665992 14500000
7238956 7252008 14500000
7261044 7247992 14500000
9662956 4834008 14500000
10874956 10875008 14500000
10874956 7250008 14500000
10874956 3625008 14500000
12426956 8286008 14500000
6058305 6052739 18161000
12102695 12108261 18161000
9060951 27162293 63375000
54314049 36212707 63375000
19239776 67340128 76960000
19239776 9620128 76960000
57720224 67339872 76960000
57720224 9619872 76960000
24329832 8114570 56784000
32454168 48669430 56784000
8286008 2073044 14500000
3625008 3625044 14500000
7250008 3625044 14500000
10875008 3625044 14500000
4834008 4837044 14500000
7247992 7238956 14500000
7252008 7261044 14500000
9665992 9662956 14500000
3624992 10874956 14500000
7249992 10874956 14500000
10874992 10874956 14500000
6213992 12426956 14500000
12108261 6058305 18161000
6052739 12102695 18161000
36212707 9060951 63375000
27162293 54314049 63375000
9619872 19239776 76960000
67339872 19239776 76960000
9620128 57720224 76960000
67340128 57720224 76960000
48669430 24329832 56784000
8114570 32454168 56784000
12600160 6300000 50400000
12600160 44100000 50400000
37799840 6300000 50400000
37799840 44100000 50400000
926261 926253 3705000
1849739 1851747 3705000
1855261 1853253 3705000
2778739 2778747 3705000
5128795 5126265 15375000
3843795 11531265 15375000
5121205 10248735 15375000
10253795 5126265 15375000
11531205 3843735 15375000
10246205 10248735 15375000
9046045 27161265 63375000
54328955 36213735 63375000
9464820 28409880 66300000
16575180 33150120 66300000
49724820 33149880 66300000
56835180 37890120 66300000
11005124 5502562 44020000
6293124 25156562 44020000
11005124 38517562 44020000
33014876 5502438 44020000
37726876 18863438 44020000
33014876 38517438 44020000
6300000 37799840 50400000
44100000 37799840 50400000
6300000 12600160 50400000
44100000 12600160 50400000
926253 2778739 3705000
1851747 1855261 3705000
1853253 1849739 3705000
2778747 926261 3705000
5126265 10246205 15375000
11531265 11531205 15375000
10248735 10253795 15375000
5126265 5121205 15375000
3843735 3843795 15375000
10248735 5128795 15375000
27161265 54328955 63375000
36213735 9046045 63375000
28409880 56835180 66300000
33150120 49724820 66300000
33149880 16575180 66300000
37890120 9464820 66300000
5502562 33014876 44020000
25156562 37726876 44020000
38517562 33014876 44020000
5502438 11005124 44020000
18863438 6293124 44020000
38517438 11005124 44020000
926261 2778747 3705000
1849739 1853253 3705000
1855261 1851747 3705000
2778739 926253 3705000
9046045 36213735 63375000
54328955 27161265 63375000
5128795 10248735 15375000
3843795 3843735 15375000
5121205 5126265 15375000
10253795 10248735 15375000
11531205 11531265 15375000
10246205 5126265 15375000
9464820 37890120 66300000
16575180 33149880 66300000
49724820 33150120 66300000
56835180 28409880 66300000
11005124 38517438 44020000
6293124 18863438 44020000
11005124 5502438 44020000
33014876 38517562 44020000
37726876 25156562 44020000
33014876 5502562 44020000
926253 926261 3705000
1851747 1849739 3705000
1853253 1855261 3705000
2778747 2778739 3705000
27161265 9046045 63375000
36213735 54328955 63375000
5126265 5128795 15375000
11531265 3843795 15375000
10248735 5121205 15375000
5126265 10253795 15375000
3843735 11531205 15375000
10248735 10246205 15375000
28409880 9464820 66300000
33150120 16575180 66300000
33149880 49724820 66300000
37890120 56835180 66300000
5502562 11005124 44020000
25156562 6293124 44020000
38517562 11005124 44020000
5502438 33014876 44020000
18863438 37726876 44020000
38517438 33014876 44020000
24342682 8112000 56784000
32441318 8112000 56784000
24342682 48672000 56784000
32441318 48672000 56784000
1462534 2925012 11700000
1462466 8774988 11700000
6684466 1670988 11700000
5841466 5846988 11700000
5858534 5853012 11700000
5015534 10029012 11700000
10237534 2925012 11700000
10237466 8774988 11700000
33150216 16574988 66300000
33149784 49725012 66300000
8660426 8663968 26000000
17339574 17336032 26000000
9620256 19239968 76960000
9619744 57720032 76960000
67340256 19239968 76960000
67339744 57720032 76960000
9295104 9295052 37180000
9294896 27884948 37180000
12402104 24791052 37180000
18590104 9295052 37180000
18589896 27884948 37180000
24777896 12388948 37180000
27885104 9295052 37180000
27884896 27884948 37180000
27166919 9057867 63375000
36208081 54317133 63375000
8112000 32441318 56784000
8112000 24342682 56784000
48672000 32441318 56784000
48672000 24342682 56784000
2925012 10237466 11700000
8774988 10237534 11700000
1670988 5015534 11700000
5846988 5858534 11700000
5853012 5841466 11700000
10029012 6684466 11700000
2925012 1462466 11700000
8774988 1462534 11700000
16574988 33149784 66300000
49725012 33150216 66300000
8663968 17339574 26000000
17336032 8660426 26000000
19239968 67339744 76960000
57720032 67340256 76960000
19239968 9619744 76960000
57720032 9620256 76960000
9295052 27884896 37180000
27884948 27885104 37180000
24791052 24777896 37180000
9295052 18589896 37180000
27884948 18590104 37180000
12388948 12402104 37180000
9295052 9294896 37180000
27884948 9295104 37180000
9057867 36208081 63375000
54317133 27166919 63375000
33150216 49725012 66300000
33149784 16574988 66300000
1462534 8774988 11700000
1462466 2925012 11700000
6684466 10029012 11700000
5841466 5853012 11700000
5858534 5846988 11700000
5015534 1670988 11700000
10237534 8774988 11700000
10237466 2925012 11700000
9620256 57720032 76960000
9619744 19239968 76960000
67340256 57720032 76960000
67339744 19239968 76960000
8660426 17336032 26000000
17339574 8663968 26000000
27166919 54317133 63375000
36208081 9057867 63375000
9295104 27884948 37180000
9294896 9295052 37180000
12402104 12388948 37180000
18590104 27884948 37180000
18589896 9295052 37180000
24777896 24791052 37180000
27885104 27884948 37180000
27884896 9295052 37180000
16574988 33150216 66300000
49725012 33149784 66300000
2925012 1462534 11700000
8774988 1462466 11700000
1670988 6684466 11700000
5846988 5841466 11700000
5853012 5858534 11700000
10029012 5015534 11700000
2925012 10237534 11700000
8774988 10237466 11700000
19239968 9620256 76960000
57720032 9619744 76960000
19239968 67340256 76960000
57720032 67339744 76960000
8663968 8660426 26000000
17336032 17339574 26000000
9057867 27166919 63375000
54317133 36208081 63375000
9295052 9295104 37180000
27884948 9294896 37180000
24791052 12402104 37180000
9295052 18590104 37180000
27884948 18589896 37180000
12388948 24777896 37180000
9295052 27885104 37180000
27884948 27884896 37180000
3624960 3624980 14500000
2069960 8284980 14500000
3625040 10875020 14500000
7249960 3624980 14500000
4829960 9664980 14500000
7239960 7244980 14500000
7260040 7255020 14500000
9670040 4835020 14500000
7250040 10875020 14500000
10874960 3624980 14500000
12430040 6215020 14500000
10875040 10875020 14500000
36208595 9048615 63375000
27166405 54326385 63375000
8672570 8670040 26000000
17327430 17329960 26000000
6300128 12600096 50400000
6299872 37799904 50400000
44100128 12600096 50400000
44099872 37799904 50400000
3624980 10875040 14500000
8284980 12430040 14500000
10875020 10874960 14500000
3624980 7250040 14500000
9664980 9670040 14500000
7244980 7260040 14500000
7255020 7239960 14500000
4835020 4829960 14500000
10875020 7249960 14500000
3624980 3625040 14500000
6215020 2069960 14500000
10875020 3624960 14500000
9048615 27166405 63375000
54326385 36208595 63375000
8670040 17327430 26000000
17329960 8672570 26000000
12600096 44099872 50400000
37799904 44100128 50400000
12600096 6299872 50400000
37799904 6300128 50400000
36208595 54326385 63375000
27166405 9048615 63375000
3624960 10875020 14500000
2069960 6215020 14500000
3625040 3624980 14500000
7249960 10875020 14500000
4829960 4835020 14500000
7239960 7255020 14500000
7260040 7244980 14500000
9670040 9664980 14500000
7250040 3624980 14500000
10874960 10875020 14500000
12430040 8284980 14500000
10875040 3624980 14500000
8672570 17329960 26000000
17327430 8670040 26000000
6300128 37799904 50400000
6299872 12600096 50400000
44100128 37799904 50400000
44099872 12600096 50400000
9048615 36208595 63375000
54326385 27166405 63375000
3624980 3624960 14500000
8284980 2069960 14500000
10875020 3625040 14500000
3624980 7249960 14500000
9664980 4829960 14500000
7244980 7239960 14500000
7255020 7260040 14500000
4835020 9670040 14500000
10875020 7250040 14500000
3624980 10874960 14500000
6215020 12430040 14500000
10875020 10875040 14500000
8670040 8672570 26000000
17329960 17327430 26000000
12600096 6300128 50400000
37799904 6299872 50400000
12600096 44100128 50400000
37799904 44099872 50400000
1462470 2924980 11700000
1672530 5015020 11700000
1462530 8775020 11700000
5842470 5844980 11700000
5857530 5855020 11700000
10237470 2924980 11700000
10027470 6684980 11700000
10237530 8775020 11700000
3843711 3843723 15375000
5121711 5122723 15375000
5121711 10247723 15375000
10253289 5127277 15375000
10253289 10252277 15375000
11531289 11531277 15375000
18589912 9294924 37180000
9295088 27885076 37180000
27884912 9294924 37180000
18590088 27885076 37180000
2924980 10237530 11700000
5015020 10027470 11700000
8775020 10237470 11700000
5844980 5857530 11700000
5855020 5842470 11700000
2924980 1462530 11700000
6684980 1672530 11700000
8775020 1462470 11700000
3843723 11531289 15375000
5122723 10253289 15375000
10247723 10253289 15375000
5127277 5121711 15375000
10252277 5121711 15375000
11531277 3843711 15375000
9294924 18590088 37180000
27885076 27884912 37180000
9294924 9295088 37180000
27885076 18589912 37180000
1462470 8775020 11700000
1672530 6684980 11700000
1462530 2924980 11700000
5842470 5855020 11700000
5857530 5844980 11700000
10237470 8775020 11700000
10027470 5015020 11700000
10237530 2924980 11700000
18589912 27885076 37180000
9295088 9294924 37180000
27884912 27885076 37180000
18590088 9294924 37180000
3843711 11531277 15375000
5121711 10252277 15375000
5121711 5127277 15375000
10253289 10247723 15375000
10253289 5122723 15375000
11531289 3843723 15375000
2924980 1462470 11700000
5015020 1672530 11700000
8775020 1462530 11700000
5844980 5842470 11700000
5855020 5857530 11700000
2924980 10237470 11700000
6684980 10027470 11700000
8775020 10237530 11700000
9294924 18589912 37180000
27885076 9295088 37180000
9294924 27884912 37180000
27885076 18590088 37180000
3843723 3843711 15375000
5122723 5121711 15375000
10247723 5121711 15375000
5127277 10253289 15375000
10252277 10253289 15375000
11531277 11531289 15375000
7393815 7393815 29575000
9863815 9863815 29575000
19711185 19711185 29575000
22181185 22181185 29575000
926241 2778743 3705000
1850241 1850743 3705000
1854759 1854257 3705000
2778759 926257 3705000
8671558 17338056 26000000
17328442 8661944 26000000
7393815 22181185 29575000
9863815 19711185 29575000
19711185 9863815 29575000
22181185 7393815 29575000
2778743 2778759 3705000
1850743 1854759 3705000
1854257 1850241 3705000
926257 926241 3705000
17338056 17328442 26000000
8661944 8671558 26000000
8671558 8661944 26000000
17328442 17338056 26000000
926241 926257 3705000
1850241 1854257 3705000
1854759 1850743 3705000
2778759 2778743 3705000
17338056 8671558 26000000
8661944 17328442 26000000
2778743 926241 3705000
1850743 1850241 3705000
1854257 1854759 3705000
926257 2778759 3705000
5598201 5598201 22393000
7460201 7460201 22393000
3200799 12797799 22393000
12797799 3200799 22393000
11184201 11184201 22393000
11208799 11208799 22393000
9595201 19192201 22393000
19192201 9595201 22393000
14932799 14932799 22393000
16794799 16794799 22393000
5598201 16794799 22393000
7460201 14932799 22393000
12797799 19192201 22393000
3200799 9595201 22393000
11184201 11208799 22393000
11208799 11184201 22393000
19192201 12797799 22393000
9595201 3200799 22393000
14932799 7460201 22393000
16794799 5598201 22393000
# pairs 301793408 inside 120823652 out 600
