# N 325 r 1 4 rotations 60 functionals 30
# F 325 0
# F 0 325
# F 323 36
# F 36 -323
# F 323 -36
# F 36 323
# F 315 80
# F 80 -315
# F 315 -80
# F 80 315
# F 312 91
# F 91 -312
# F 312 -91
# F 91 312
# F 300 125
# F 125 -300
# F 300 -125
# F 125 300
# F 280 165
# F 165 -280
# F 280 -165
# F 165 280
# F 260 195
# F 195 -260
# F 260 -195
# F 195 260
# F 253 204
# F 204 -253
# F 253 -204
# F 204 253
105625 105625 422500
105625 316875 422500
316875 105625 422500
316875 316875 422500
11700 5850 46800
11700 11700 46800
11700 23400 46800
11700 35100 46800
11700 40950 46800
20052 40114 46800
23364 23398 46800
23436 23402 46800
26748 6686 46800
35100 5850 46800
35100 11700 46800
35100 23400 46800
35100 35100 46800
35100 40950 46800
104975 314925 419900
104975 104975 419900
314925 314925 419900
314925 104975 419900
11700 40950 46800
11700 35100 46800
11700 23400 46800
11700 11700 46800
11700 5850 46800
20052 6686 46800
23364 23402 46800
23436 23398 46800
26748 40114 46800
35100 40950 46800
35100 35100 46800
35100 23400 46800
35100 11700 46800
35100 5850 46800
104975 104975 419900
104975 314925 419900
314925 104975 419900
314925 314925 419900
26000 13000 104000
26000 26000 104000
26000 52000 104000
26000 78000 104000
26000 91000 104000
34640 69330 104000
69360 34670 104000
78000 13000 104000
78000 26000 104000
78000 52000 104000
78000 78000 104000
78000 91000 104000
102375 307125 409500
102375 102375 409500
307125 307125 409500
307125 102375 409500
26000 91000 104000
26000 78000 104000
26000 52000 104000
26000 26000 104000
26000 13000 104000
34640 34670 104000
69360 69330 104000
78000 91000 104000
78000 78000 104000
78000 52000 104000
78000 26000 104000
78000 13000 104000
102375 102375 409500
102375 307125 409500
307125 102375 409500
307125 307125 409500
29575 29575 118300
29575 88725 118300
39403 39429 118300
78897 78871 118300
88725 29575 118300
88725 88725 118300
101400 354900 405600
101400 304200 405600
101400 202800 405600
101400 101400 405600
101400 50700 405600
304200 354900 405600
304200 304200 405600
304200 202800 405600
304200 101400 405600
304200 50700 405600
29575 88725 118300
29575 29575 118300
39403 78871 118300
78897 39429 118300
88725 88725 118300
88725 29575 118300
101400 50700 405600
101400 101400 405600
101400 202800 405600
101400 304200 405600
101400 354900 405600
304200 50700 405600
304200 101400 405600
304200 202800 405600
304200 304200 405600
304200 354900 405600
40625 40625 162500
40625 121875 162500
121875 40625 162500
121875 121875 162500
97500 341250 390000
97500 292500 390000
97500 195000 390000
97500 97500 390000
97500 48750 390000
292500 341250 390000
292500 292500 390000
292500 195000 390000
292500 97500 390000
292500 48750 390000
40625 121875 162500
40625 40625 162500
121875 121875 162500
121875 40625 162500
97500 48750 390000
97500 97500 390000
97500 195000 390000
97500 292500 390000
97500 341250 390000
292500 48750 390000
292500 97500 390000
292500 195000 390000
292500 292500 390000
292500 341250 390000
53625 53625 214500
53625 160875 214500
160875 53625 214500
160875 160875 214500
91000 318500 364000
91000 273000 364000
91000 182000 364000
91000 91000 364000
91000 45500 364000
273000 318500 364000
273000 273000 364000
273000 182000 364000
273000 91000 364000
273000 45500 364000
53625 160875 214500
53625 53625 214500
160875 160875 214500
160875 53625 214500
91000 45500 364000
91000 91000 364000
91000 182000 364000
91000 273000 364000
91000 318500 364000
273000 45500 364000
273000 91000 364000
273000 182000 364000
273000 273000 364000
273000 318500 364000
63375 63375 253500
63375 190125 253500
108615 36205 253500
144885 217295 253500
190125 63375 253500
190125 190125 253500
84500 295750 338000
84500 253500 338000
84500 169000 338000
84500 84500 338000
84500 42250 338000
253500 295750 338000
253500 253500 338000
253500 169000 338000
253500 84500 338000
253500 42250 338000
63375 190125 253500
63375 63375 253500
108615 217295 253500
144885 36205 253500
190125 190125 253500
190125 63375 253500
84500 42250 338000
84500 84500 338000
84500 169000 338000
84500 253500 338000
84500 295750 338000
253500 42250 338000
253500 84500 338000
253500 169000 338000
253500 253500 338000
253500 295750 338000
66300 33150 265200
66300 66300 265200
66300 132600 265200
66300 198900 265200
66300 232050 265200
198900 33150 265200
198900 66300 265200
198900 132600 265200
198900 198900 265200
198900 232050 265200
82225 246675 328900
82225 82225 328900
246675 246675 328900
246675 82225 328900
66300 232050 265200
66300 198900 265200
66300 132600 265200
66300 66300 265200
66300 33150 265200
198900 232050 265200
198900 198900 265200
198900 132600 265200
198900 66300 265200
198900 33150 265200
82225 82225 328900
82225 246675 328900
246675 82225 328900
246675 246675 328900
104975 104975 419900
314925 104975 419900
104975 314925 419900
314925 314925 419900
5850 11700 46800
11700 11700 46800
23400 11700 46800
35100 11700 46800
40950 11700 46800
6686 20052 46800
23402 23364 46800
23398 23436 46800
40114 26748 46800
5850 35100 46800
11700 35100 46800
23400 35100 46800
35100 35100 46800
40950 35100 46800
104975 104975 419900
314925 104975 419900
104975 314925 419900
314925 314925 419900
5850 11700 46800
11700 11700 46800
23400 11700 46800
35100 11700 46800
40950 11700 46800
40114 20052 46800
23398 23364 46800
23402 23436 46800
6686 26748 46800
5850 35100 46800
11700 35100 46800
23400 35100 46800
35100 35100 46800
40950 35100 46800
102375 102375 409500
307125 102375 409500
102375 307125 409500
307125 307125 409500
13000 26000 104000
26000 26000 104000
52000 26000 104000
78000 26000 104000
91000 26000 104000
34670 34640 104000
69330 69360 104000
13000 78000 104000
26000 78000 104000
52000 78000 104000
78000 78000 104000
91000 78000 104000
102375 102375 409500
307125 102375 409500
102375 307125 409500
307125 307125 409500
13000 26000 104000
26000 26000 104000
52000 26000 104000
78000 26000 104000
91000 26000 104000
69330 34640 104000
34670 69360 104000
13000 78000 104000
26000 78000 104000
52000 78000 104000
78000 78000 104000
91000 78000 104000
50700 101400 405600
101400 101400 405600
202800 101400 405600
304200 101400 405600
354900 101400 405600
50700 304200 405600
101400 304200 405600
202800 304200 405600
304200 304200 405600
354900 304200 405600
29575 29575 118300
88725 29575 118300
78871 39403 118300
39429 78897 118300
29575 88725 118300
88725 88725 118300
50700 101400 405600
101400 101400 405600
202800 101400 405600
304200 101400 405600
354900 101400 405600
50700 304200 405600
101400 304200 405600
202800 304200 405600
304200 304200 405600
354900 304200 405600
29575 29575 118300
88725 29575 118300
39429 39403 118300
78871 78897 118300
29575 88725 118300
88725 88725 118300
48750 97500 390000
97500 97500 390000
195000 97500 390000
292500 97500 390000
341250 97500 390000
48750 292500 390000
97500 292500 390000
195000 292500 390000
292500 292500 390000
341250 292500 390000
40625 40625 162500
121875 40625 162500
40625 121875 162500
121875 121875 162500
48750 97500 390000
97500 97500 390000
195000 97500 390000
292500 97500 390000
341250 97500 390000
48750 292500 390000
97500 292500 390000
195000 292500 390000
292500 292500 390000
341250 292500 390000
40625 40625 162500
121875 40625 162500
40625 121875 162500
121875 121875 162500
45500 91000 364000
91000 91000 364000
182000 91000 364000
273000 91000 364000
318500 91000 364000
45500 273000 364000
91000 273000 364000
182000 273000 364000
273000 273000 364000
318500 273000 364000
53625 53625 214500
160875 53625 214500
53625 160875 214500
160875 160875 214500
45500 91000 364000
91000 91000 364000
182000 91000 364000
273000 91000 364000
318500 91000 364000
45500 273000 364000
91000 273000 364000
182000 273000 364000
273000 273000 364000
318500 273000 364000
53625 53625 214500
160875 53625 214500
53625 160875 214500
160875 160875 214500
42250 84500 338000
84500 84500 338000
169000 84500 338000
253500 84500 338000
295750 84500 338000
42250 253500 338000
84500 253500 338000
169000 253500 338000
253500 253500 338000
295750 253500 338000
63375 63375 253500
190125 63375 253500
217295 108615 253500
36205 144885 253500
63375 190125 253500
190125 190125 253500
42250 84500 338000
84500 84500 338000
169000 84500 338000
253500 84500 338000
295750 84500 338000
42250 253500 338000
84500 253500 338000
169000 253500 338000
253500 253500 338000
295750 253500 338000
63375 63375 253500
190125 63375 253500
36205 108615 253500
217295 144885 253500
63375 190125 253500
190125 190125 253500
82225 82225 328900
246675 82225 328900
82225 246675 328900
246675 246675 328900
33150 66300 265200
66300 66300 265200
132600 66300 265200
198900 66300 265200
232050 66300 265200
33150 198900 265200
66300 198900 265200
132600 198900 265200
198900 198900 265200
232050 198900 265200
82225 82225 328900
246675 82225 328900
82225 246675 328900
246675 246675 328900
33150 66300 265200
66300 66300 265200
132600 66300 265200
198900 66300 265200
232050 66300 265200
33150 198900 265200
66300 198900 265200
132600 198900 265200
198900 198900 265200
232050 198900 265200
105625 105625 422500
105625 316875 422500
316875 105625 422500
316875 316875 422500
23256 11628 93024
23256 23256 93024
23256 46512 93024
23256 69768 93024
23256 81396 93024
31032 31008 93024
31032 62016 93024
61992 31008 93024
61992 62016 93024
69768 11628 93024
69768 23256 93024
69768 46512 93024
69768 69768 93024
69768 81396 93024
103033 103033 412132
103033 309099 412132
309099 103033 412132
309099 309099 412132
8292 33144 58000
14500 7250 58000
14500 14500 58000
14500 29000 58000
14500 43500 58000
14500 50750 58000
19348 19336 58000
28956 28992 58000
29044 29008 58000
38652 38664 58000
43500 7250 58000
43500 14500 58000
43500 29000 58000
43500 43500 58000
43500 50750 58000
49708 24856 58000
104625 104625 418500
104625 313875 418500
313875 104625 418500
313875 313875 418500
37180 18590 148720
37180 37180 148720
37180 74360 148720
37180 111540 148720
37180 130130 148720
111540 18590 148720
111540 37180 148720
111540 74360 148720
111540 111540 148720
111540 130130 148720
98865 98865 395460
98865 296595 395460
296595 98865 395460
296595 296595 395460
18161 18161 72644
18161 54483 72644
24233 48433 72644
48411 24211 72644
54483 18161 72644
54483 54483 72644
104052 52026 416208
104052 104052 416208
104052 208104 416208
104052 312156 416208
104052 364182 416208
312156 52026 416208
312156 104052 416208
312156 208104 416208
312156 312156 416208
312156 364182 416208
40625 40625 162500
40625 121875 162500
121875 40625 162500
121875 121875 162500
97500 48750 390000
97500 97500 390000
97500 195000 390000
97500 292500 390000
97500 341250 390000
292500 48750 390000
292500 97500 390000
292500 195000 390000
292500 292500 390000
292500 341250 390000
29575 29575 118300
29575 88725 118300
88725 29575 118300
88725 88725 118300
101400 50700 405600
101400 101400 405600
101400 202800 405600
101400 304200 405600
101400 354900 405600
304200 50700 405600
304200 101400 405600
304200 202800 405600
304200 304200 405600
304200 354900 405600
51175 51175 204700
51175 153525 204700
153525 51175 204700
153525 153525 204700
92400 46200 369600
92400 92400 369600
92400 184800 369600
92400 277200 369600
92400 323400 369600
277200 46200 369600
277200 92400 369600
277200 184800 369600
277200 277200 369600
277200 323400 369600
43215 43215 172860
43215 129645 172860
129645 43215 172860
129645 129645 172860
96380 48190 385520
96380 96380 385520
96380 192760 385520
96380 289140 385520
96380 337330 385520
289140 48190 385520
289140 96380 385520
289140 192760 385520
289140 289140 385520
289140 337330 385520
36243 144851 253500
63375 63375 253500
63375 190125 253500
190125 63375 253500
190125 190125 253500
217257 108649 253500
84500 42250 338000
84500 84500 338000
84500 169000 338000
84500 253500 338000
84500 295750 338000
253500 42250 338000
253500 84500 338000
253500 169000 338000
253500 253500 338000
253500 295750 338000
53625 53625 214500
53625 160875 214500
160875 53625 214500
160875 160875 214500
91000 45500 364000
91000 91000 364000
91000 182000 364000
91000 273000 364000
91000 318500 364000
273000 45500 364000
273000 91000 364000
273000 182000 364000
273000 273000 364000
273000 318500 364000
72345 72345 289380
72345 217035 289380
217035 72345 289380
217035 217035 289380
76960 38480 307840
76960 76960 307840
76960 153920 307840
76960 230880 307840
76960 269360 307840
230880 38480 307840
230880 76960 307840
230880 153920 307840
230880 230880 307840
230880 269360 307840
56784 28392 227136
56784 56784 227136
56784 113568 227136
56784 170352 227136
56784 198744 227136
97320 194678 227136
129816 32458 227136
170352 28392 227136
170352 56784 227136
170352 113568 227136
170352 170352 227136
170352 198744 227136
89063 89063 356252
89063 267189 356252
267189 89063 356252
267189 267189 356252
75000 37500 300000
75000 75000 300000
75000 150000 300000
75000 225000 300000
75000 262500 300000
225000 37500 300000
225000 75000 300000
225000 150000 300000
225000 225000 300000
225000 262500 300000
74375 74375 297500
74375 223125 297500
223125 74375 297500
223125 223125 297500
103033 309099 412132
309099 309099 412132
103033 103033 412132
309099 103033 412132
11628 69768 93024
23256 69768 93024
46512 69768 93024
69768 69768 93024
81396 69768 93024
31008 61992 93024
62016 61992 93024
31008 31032 93024
62016 31032 93024
11628 23256 93024
23256 23256 93024
46512 23256 93024
69768 23256 93024
81396 23256 93024
104625 313875 418500
313875 313875 418500
104625 104625 418500
313875 104625 418500
33144 49708 58000
7250 43500 58000
14500 43500 58000
29000 43500 58000
43500 43500 58000
50750 43500 58000
19336 38652 58000
28992 29044 58000
29008 28956 58000
38664 19348 58000
7250 14500 58000
14500 14500 58000
29000 14500 58000
43500 14500 58000
50750 14500 58000
24856 8292 58000
98865 296595 395460
296595 296595 395460
98865 98865 395460
296595 98865 395460
18590 111540 148720
37180 111540 148720
74360 111540 148720
111540 111540 148720
130130 111540 148720
18590 37180 148720
37180 37180 148720
74360 37180 148720
111540 37180 148720
130130 37180 148720
52026 312156 416208
104052 312156 416208
208104 312156 416208
312156 312156 416208
364182 312156 416208
52026 104052 416208
104052 104052 416208
208104 104052 416208
312156 104052 416208
364182 104052 416208
18161 54483 72644
54483 54483 72644
48433 48411 72644
24211 24233 72644
18161 18161 72644
54483 18161 72644
48750 292500 390000
97500 292500 390000
195000 292500 390000
292500 292500 390000
341250 292500 390000
48750 97500 390000
97500 97500 390000
195000 97500 390000
292500 97500 390000
341250 97500 390000
40625 121875 162500
121875 121875 162500
40625 40625 162500
121875 40625 162500
50700 304200 405600
101400 304200 405600
202800 304200 405600
304200 304200 405600
354900 304200 405600
50700 101400 405600
101400 101400 405600
202800 101400 405600
304200 101400 405600
354900 101400 405600
29575 88725 118300
88725 88725 118300
29575 29575 118300
88725 29575 118300
46200 277200 369600
92400 277200 369600
184800 277200 369600
277200 277200 369600
323400 277200 369600
46200 92400 369600
92400 92400 369600
184800 92400 369600
277200 92400 369600
323400 92400 369600
51175 153525 204700
153525 153525 204700
51175 51175 204700
153525 51175 204700
48190 289140 385520
96380 289140 385520
192760 289140 385520
289140 289140 385520
337330 289140 385520
48190 96380 385520
96380 96380 385520
192760 96380 385520
289140 96380 385520
337330 96380 385520
43215 129645 172860
129645 129645 172860
43215 43215 172860
129645 43215 172860
42250 253500 338000
84500 253500 338000
169000 253500 338000
253500 253500 338000
295750 253500 338000
42250 84500 338000
84500 84500 338000
169000 84500 338000
253500 84500 338000
295750 84500 338000
144851 217257 253500
63375 190125 253500
190125 190125 253500
63375 63375 253500
190125 63375 253500
108649 36243 253500
45500 273000 364000
91000 273000 364000
182000 273000 364000
273000 273000 364000
318500 273000 364000
45500 91000 364000
91000 91000 364000
182000 91000 364000
273000 91000 364000
318500 91000 364000
53625 160875 214500
160875 160875 214500
53625 53625 214500
160875 53625 214500
38480 230880 307840
76960 230880 307840
153920 230880 307840
230880 230880 307840
269360 230880 307840
38480 76960 307840
76960 76960 307840
153920 76960 307840
230880 76960 307840
269360 76960 307840
72345 217035 289380
217035 217035 289380
72345 72345 289380
217035 72345 289380
89063 267189 356252
267189 267189 356252
89063 89063 356252
267189 89063 356252
28392 170352 227136
56784 170352 227136
113568 170352 227136
170352 170352 227136
198744 170352 227136
194678 129816 227136
32458 97320 227136
28392 56784 227136
56784 56784 227136
113568 56784 227136
170352 56784 227136
198744 56784 227136
74375 223125 297500
223125 223125 297500
74375 74375 297500
223125 74375 297500
37500 225000 300000
75000 225000 300000
150000 225000 300000
225000 225000 300000
262500 225000 300000
37500 75000 300000
75000 75000 300000
150000 75000 300000
225000 75000 300000
262500 75000 300000
105625 316875 422500
105625 105625 422500
316875 316875 422500
316875 105625 422500
37180 130130 148720
37180 111540 148720
37180 74360 148720
37180 37180 148720
37180 18590 148720
111540 130130 148720
111540 111540 148720
111540 74360 148720
111540 37180 148720
111540 18590 148720
98865 296595 395460
98865 98865 395460
296595 296595 395460
296595 98865 395460
8292 24856 58000
14500 50750 58000
14500 43500 58000
14500 29000 58000
14500 14500 58000
14500 7250 58000
19348 38664 58000
28956 29008 58000
29044 28992 58000
38652 19336 58000
43500 50750 58000
43500 43500 58000
43500 29000 58000
43500 14500 58000
43500 7250 58000
49708 33144 58000
104625 313875 418500
104625 104625 418500
313875 313875 418500
313875 104625 418500
40625 121875 162500
40625 40625 162500
121875 121875 162500
121875 40625 162500
97500 341250 390000
97500 292500 390000
97500 195000 390000
97500 97500 390000
97500 48750 390000
292500 341250 390000
292500 292500 390000
292500 195000 390000
292500 97500 390000
292500 48750 390000
18161 54483 72644
18161 18161 72644
24233 24211 72644
48411 48433 72644
54483 54483 72644
54483 18161 72644
104052 364182 416208
104052 312156 416208
104052 208104 416208
104052 104052 416208
104052 52026 416208
312156 364182 416208
312156 312156 416208
312156 208104 416208
312156 104052 416208
312156 52026 416208
51175 153525 204700
51175 51175 204700
153525 153525 204700
153525 51175 204700
92400 323400 369600
92400 277200 369600
92400 184800 369600
92400 92400 369600
92400 46200 369600
277200 323400 369600
277200 277200 369600
277200 184800 369600
277200 92400 369600
277200 46200 369600
29575 88725 118300
29575 29575 118300
88725 88725 118300
88725 29575 118300
101400 354900 405600
101400 304200 405600
101400 202800 405600
101400 101400 405600
101400 50700 405600
304200 354900 405600
304200 304200 405600
304200 202800 405600
304200 101400 405600
304200 50700 405600
36243 108649 253500
63375 190125 253500
63375 63375 253500
190125 190125 253500
190125 63375 253500
217257 144851 253500
84500 295750 338000
84500 253500 338000
84500 169000 338000
84500 84500 338000
84500 42250 338000
253500 295750 338000
253500 253500 338000
253500 169000 338000
253500 84500 338000
253500 42250 338000
43215 129645 172860
43215 43215 172860
129645 129645 172860
129645 43215 172860
96380 337330 385520
96380 289140 385520
96380 192760 385520
96380 96380 385520
96380 48190 385520
289140 337330 385520
289140 289140 385520
289140 192760 385520
289140 96380 385520
289140 48190 385520
72345 217035 289380
72345 72345 289380
217035 217035 289380
217035 72345 289380
76960 269360 307840
76960 230880 307840
76960 153920 307840
76960 76960 307840
76960 38480 307840
230880 269360 307840
230880 230880 307840
230880 153920 307840
230880 76960 307840
230880 38480 307840
53625 160875 214500
53625 53625 214500
160875 160875 214500
160875 53625 214500
91000 318500 364000
91000 273000 364000
91000 182000 364000
91000 91000 364000
91000 45500 364000
273000 318500 364000
273000 273000 364000
273000 182000 364000
273000 91000 364000
273000 45500 364000
75000 262500 300000
75000 225000 300000
75000 150000 300000
75000 75000 300000
75000 37500 300000
225000 262500 300000
225000 225000 300000
225000 150000 300000
225000 75000 300000
225000 37500 300000
74375 223125 297500
74375 74375 297500
223125 223125 297500
223125 74375 297500
56784 198744 227136
56784 170352 227136
56784 113568 227136
56784 56784 227136
56784 28392 227136
97320 32458 227136
129816 194678 227136
170352 198744 227136
170352 170352 227136
170352 113568 227136
170352 56784 227136
170352 28392 227136
89063 267189 356252
89063 89063 356252
267189 267189 356252
267189 89063 356252
98865 98865 395460
296595 98865 395460
98865 296595 395460
296595 296595 395460
18590 37180 148720
37180 37180 148720
74360 37180 148720
111540 37180 148720
130130 37180 148720
18590 111540 148720
37180 111540 148720
74360 111540 148720
111540 111540 148720
130130 111540 148720
104625 104625 418500
313875 104625 418500
104625 313875 418500
313875 313875 418500
33144 8292 58000
7250 14500 58000
14500 14500 58000
29000 14500 58000
43500 14500 58000
50750 14500 58000
19336 19348 58000
28992 28956 58000
29008 29044 58000
38664 38652 58000
7250 43500 58000
14500 43500 58000
29000 43500 58000
43500 43500 58000
50750 43500 58000
24856 49708 58000
48750 97500 390000
97500 97500 390000
195000 97500 390000
292500 97500 390000
341250 97500 390000
48750 292500 390000
97500 292500 390000
195000 292500 390000
292500 292500 390000
341250 292500 390000
40625 40625 162500
121875 40625 162500
40625 121875 162500
121875 121875 162500
52026 104052 416208
104052 104052 416208
208104 104052 416208
312156 104052 416208
364182 104052 416208
52026 312156 416208
104052 312156 416208
208104 312156 416208
312156 312156 416208
364182 312156 416208
18161 18161 72644
54483 18161 72644
48433 24233 72644
24211 48411 72644
18161 54483 72644
54483 54483 72644
46200 92400 369600
92400 92400 369600
184800 92400 369600
277200 92400 369600
323400 92400 369600
46200 277200 369600
92400 277200 369600
184800 277200 369600
277200 277200 369600
323400 277200 369600
51175 51175 204700
153525 51175 204700
51175 153525 204700
153525 153525 204700
50700 101400 405600
101400 101400 405600
202800 101400 405600
304200 101400 405600
354900 101400 405600
50700 304200 405600
101400 304200 405600
202800 304200 405600
304200 304200 405600
354900 304200 405600
29575 29575 118300
88725 29575 118300
29575 88725 118300
88725 88725 118300
42250 84500 338000
84500 84500 338000
169000 84500 338000
253500 84500 338000
295750 84500 338000
42250 253500 338000
84500 253500 338000
169000 253500 338000
253500 253500 338000
295750 253500 338000
144851 36243 253500
63375 63375 253500
190125 63375 253500
63375 190125 253500
190125 190125 253500
108649 217257 253500
48190 96380 385520
96380 96380 385520
192760 96380 385520
289140 96380 385520
337330 96380 385520
48190 289140 385520
96380 289140 385520
192760 289140 385520
289140 289140 385520
337330 289140 385520
43215 43215 172860
129645 43215 172860
43215 129645 172860
129645 129645 172860
38480 76960 307840
76960 76960 307840
153920 76960 307840
230880 76960 307840
269360 76960 307840
38480 230880 307840
76960 230880 307840
153920 230880 307840
230880 230880 307840
269360 230880 307840
72345 72345 289380
217035 72345 289380
72345 217035 289380
217035 217035 289380
45500 91000 364000
91000 91000 364000
182000 91000 364000
273000 91000 364000
318500 91000 364000
45500 273000 364000
91000 273000 364000
182000 273000 364000
273000 273000 364000
318500 273000 364000
53625 53625 214500
160875 53625 214500
53625 160875 214500
160875 160875 214500
74375 74375 297500
223125 74375 297500
74375 223125 297500
223125 223125 297500
37500 75000 300000
75000 75000 300000
150000 75000 300000
225000 75000 300000
262500 75000 300000
37500 225000 300000
75000 225000 300000
150000 225000 300000
225000 225000 300000
262500 225000 300000
89063 89063 356252
267189 89063 356252
89063 267189 356252
267189 267189 356252
28392 56784 227136
56784 56784 227136
113568 56784 227136
170352 56784 227136
198744 56784 227136
194678 97320 227136
32458 129816 227136
28392 170352 227136
56784 170352 227136
113568 170352 227136
170352 170352 227136
198744 170352 227136
105625 105625 422500
105625 316875 422500
316875 105625 422500
316875 316875 422500
50400 25200 201600
50400 50400 201600
50400 100800 201600
50400 151200 201600
50400 176400 201600
151200 25200 201600
151200 50400 201600
151200 100800 201600
151200 151200 201600
151200 176400 201600
92825 92825 371300
92825 278475 371300
278475 92825 371300
278475 278475 371300
3705 3705 14820
3705 11115 14820
7399 7407 14820
7421 7413 14820
11115 3705 14820
11115 11115 14820
105560 52780 422240
105560 105560 422240
105560 211120 422240
105560 316680 422240
105560 369460 422240
316680 52780 422240
316680 105560 422240
316680 211120 422240
316680 316680 422240
316680 369460 422240
53625 53625 214500
53625 160875 214500
160875 53625 214500
160875 160875 214500
91000 45500 364000
91000 91000 364000
91000 182000 364000
91000 273000 364000
91000 318500 364000
273000 45500 364000
273000 91000 364000
273000 182000 364000
273000 273000 364000
273000 318500 364000
15375 15375 61500
20515 20505 61500
15375 46125 61500
20485 40995 61500
41015 20505 61500
46125 15375 61500
40985 40995 61500
46125 46125 61500
104500 52250 418000
104500 104500 418000
104500 209000 418000
104500 313500 418000
104500 365750 418000
313500 52250 418000
313500 104500 418000
313500 209000 418000
313500 313500 418000
313500 365750 418000
36185 108645 253500
63375 63375 253500
63375 190125 253500
190125 63375 253500
190125 190125 253500
217315 144855 253500
84500 42250 338000
84500 84500 338000
84500 169000 338000
84500 253500 338000
84500 295750 338000
253500 42250 338000
253500 84500 338000
253500 169000 338000
253500 253500 338000
253500 295750 338000
29575 29575 118300
29575 88725 118300
88725 29575 118300
88725 88725 118300
101400 50700 405600
101400 101400 405600
101400 202800 405600
101400 304200 405600
101400 354900 405600
304200 50700 405600
304200 101400 405600
304200 202800 405600
304200 304200 405600
304200 354900 405600
74375 74375 297500
74375 223125 297500
223125 74375 297500
223125 223125 297500
75000 37500 300000
75000 75000 300000
75000 150000 300000
75000 225000 300000
75000 262500 300000
225000 37500 300000
225000 75000 300000
225000 150000 300000
225000 225000 300000
225000 262500 300000
40625 40625 162500
40625 121875 162500
121875 40625 162500
121875 121875 162500
97500 48750 390000
97500 97500 390000
97500 195000 390000
97500 292500 390000
97500 341250 390000
292500 48750 390000
292500 97500 390000
292500 195000 390000
292500 292500 390000
292500 341250 390000
82225 82225 328900
82225 246675 328900
246675 82225 328900
246675 246675 328900
37860 113640 265200
66300 33150 265200
66300 66300 265200
66300 132600 265200
66300 198900 265200
66300 232050 265200
198900 33150 265200
198900 66300 265200
198900 132600 265200
198900 198900 265200
198900 232050 265200
227340 151560 265200
44020 22010 176080
25172 100626 176080
44020 44020 176080
44020 88040 176080
44020 132060 176080
44020 154070 176080
132060 22010 176080
132060 44020 176080
132060 88040 176080
132060 132060 176080
150908 75454 176080
132060 154070 176080
96015 96015 384060
96015 288045 384060
288045 96015 384060
288045 288045 384060
84500 42250 338000
84500 84500 338000
84500 169000 338000
84500 253500 338000
84500 295750 338000
253500 42250 338000
253500 84500 338000
253500 169000 338000
253500 253500 338000
253500 295750 338000
63375 63375 253500
63375 190125 253500
190125 63375 253500
190125 190125 253500
92825 278475 371300
278475 278475 371300
92825 92825 371300
278475 92825 371300
25200 151200 201600
50400 151200 201600
100800 151200 201600
151200 151200 201600
176400 151200 201600
25200 50400 201600
50400 50400 201600
100800 50400 201600
151200 50400 201600
176400 50400 201600
52780 316680 422240
105560 316680 422240
211120 316680 422240
316680 316680 422240
369460 316680 422240
52780 105560 422240
105560 105560 422240
211120 105560 422240
316680 105560 422240
369460 105560 422240
3705 11115 14820
11115 11115 14820
7407 7421 14820
7413 7399 14820
3705 3705 14820
11115 3705 14820
45500 273000 364000
91000 273000 364000
182000 273000 364000
273000 273000 364000
318500 273000 364000
45500 91000 364000
91000 91000 364000
182000 91000 364000
273000 91000 364000
318500 91000 364000
53625 160875 214500
160875 160875 214500
53625 53625 214500
160875 53625 214500
52250 313500 418000
104500 313500 418000
209000 313500 418000
313500 313500 418000
365750 313500 418000
52250 104500 418000
104500 104500 418000
209000 104500 418000
313500 104500 418000
365750 104500 418000
15375 46125 61500
20505 40985 61500
46125 46125 61500
40995 41015 61500
20505 20485 61500
15375 15375 61500
40995 20515 61500
46125 15375 61500
42250 253500 338000
84500 253500 338000
169000 253500 338000
253500 253500 338000
295750 253500 338000
42250 84500 338000
84500 84500 338000
169000 84500 338000
253500 84500 338000
295750 84500 338000
108645 217315 253500
63375 190125 253500
190125 190125 253500
63375 63375 253500
190125 63375 253500
144855 36185 253500
50700 304200 405600
101400 304200 405600
202800 304200 405600
304200 304200 405600
354900 304200 405600
50700 101400 405600
101400 101400 405600
202800 101400 405600
304200 101400 405600
354900 101400 405600
29575 88725 118300
88725 88725 118300
29575 29575 118300
88725 29575 118300
37500 225000 300000
75000 225000 300000
150000 225000 300000
225000 225000 300000
262500 225000 300000
37500 75000 300000
75000 75000 300000
150000 75000 300000
225000 75000 300000
262500 75000 300000
74375 223125 297500
223125 223125 297500
74375 74375 297500
223125 74375 297500
48750 292500 390000
97500 292500 390000
195000 292500 390000
292500 292500 390000
341250 292500 390000
48750 97500 390000
97500 97500 390000
195000 97500 390000
292500 97500 390000
341250 97500 390000
40625 121875 162500
121875 121875 162500
40625 40625 162500
121875 40625 162500
113640 227340 265200
33150 198900 265200
66300 198900 265200
132600 198900 265200
198900 198900 265200
232050 198900 265200
33150 66300 265200
66300 66300 265200
132600 66300 265200
198900 66300 265200
232050 66300 265200
151560 37860 265200
82225 246675 328900
246675 246675 328900
82225 82225 328900
246675 82225 328900
96015 288045 384060
288045 288045 384060
96015 96015 384060
288045 96015 384060
22010 132060 176080
100626 150908 176080
44020 132060 176080
88040 132060 176080
132060 132060 176080
154070 132060 176080
22010 44020 176080
44020 44020 176080
88040 44020 176080
132060 44020 176080
75454 25172 176080
154070 44020 176080
63375 190125 253500
190125 190125 253500
63375 63375 253500
190125 63375 253500
42250 253500 338000
84500 253500 338000
169000 253500 338000
253500 253500 338000
295750 253500 338000
42250 84500 338000
84500 84500 338000
169000 84500 338000
253500 84500 338000
295750 84500 338000
105625 316875 422500
105625 105625 422500
316875 316875 422500
316875 105625 422500
53625 160875 214500
53625 53625 214500
160875 160875 214500
160875 53625 214500
91000 318500 364000
91000 273000 364000
91000 182000 364000
91000 91000 364000
91000 45500 364000
273000 318500 364000
273000 273000 364000
273000 182000 364000
273000 91000 364000
273000 45500 364000
3705 11115 14820
3705 3705 14820
7399 7413 14820
7421 7407 14820
11115 11115 14820
11115 3705 14820
105560 369460 422240
105560 316680 422240
105560 211120 422240
105560 105560 422240
105560 52780 422240
316680 369460 422240
316680 316680 422240
316680 211120 422240
316680 105560 422240
316680 52780 422240
36185 144855 253500
63375 190125 253500
63375 63375 253500
190125 190125 253500
190125 63375 253500
217315 108645 253500
84500 295750 338000
84500 253500 338000
84500 169000 338000
84500 84500 338000
84500 42250 338000
253500 295750 338000
253500 253500 338000
253500 169000 338000
253500 84500 338000
253500 42250 338000
15375 46125 61500
20515 40995 61500
15375 15375 61500
20485 20505 61500
41015 40995 61500
46125 46125 61500
40985 20505 61500
46125 15375 61500
104500 365750 418000
104500 313500 418000
104500 209000 418000
104500 104500 418000
104500 52250 418000
313500 365750 418000
313500 313500 418000
313500 209000 418000
313500 104500 418000
313500 52250 418000
74375 223125 297500
74375 74375 297500
223125 223125 297500
223125 74375 297500
75000 262500 300000
75000 225000 300000
75000 150000 300000
75000 75000 300000
75000 37500 300000
225000 262500 300000
225000 225000 300000
225000 150000 300000
225000 75000 300000
225000 37500 300000
29575 88725 118300
29575 29575 118300
88725 88725 118300
88725 29575 118300
101400 354900 405600
101400 304200 405600
101400 202800 405600
101400 101400 405600
101400 50700 405600
304200 354900 405600
304200 304200 405600
304200 202800 405600
304200 101400 405600
304200 50700 405600
82225 246675 328900
82225 82225 328900
246675 246675 328900
246675 82225 328900
37860 151560 265200
66300 232050 265200
66300 198900 265200
66300 132600 265200
66300 66300 265200
66300 33150 265200
198900 232050 265200
198900 198900 265200
198900 132600 265200
198900 66300 265200
198900 33150 265200
227340 113640 265200
40625 121875 162500
40625 40625 162500
121875 121875 162500
121875 40625 162500
97500 341250 390000
97500 292500 390000
97500 195000 390000
97500 97500 390000
97500 48750 390000
292500 341250 390000
292500 292500 390000
292500 195000 390000
292500 97500 390000
292500 48750 390000
84500 295750 338000
84500 253500 338000
84500 169000 338000
84500 84500 338000
84500 42250 338000
253500 295750 338000
253500 253500 338000
253500 169000 338000
253500 84500 338000
253500 42250 338000
63375 190125 253500
63375 63375 253500
190125 190125 253500
190125 63375 253500
44020 154070 176080
25172 75454 176080
44020 132060 176080
44020 88040 176080
44020 44020 176080
44020 22010 176080
132060 154070 176080
132060 132060 176080
132060 88040 176080
132060 44020 176080
150908 100626 176080
132060 22010 176080
96015 288045 384060
96015 96015 384060
288045 288045 384060
288045 96015 384060
45500 91000 364000
91000 91000 364000
182000 91000 364000
273000 91000 364000
318500 91000 364000
45500 273000 364000
91000 273000 364000
182000 273000 364000
273000 273000 364000
318500 273000 364000
53625 53625 214500
160875 53625 214500
53625 160875 214500
160875 160875 214500
52780 105560 422240
105560 105560 422240
211120 105560 422240
316680 105560 422240
369460 105560 422240
52780 316680 422240
105560 316680 422240
211120 316680 422240
316680 316680 422240
369460 316680 422240
3705 3705 14820
11115 3705 14820
7407 7399 14820
7413 7421 14820
3705 11115 14820
11115 11115 14820
42250 84500 338000
84500 84500 338000
169000 84500 338000
253500 84500 338000
295750 84500 338000
42250 253500 338000
84500 253500 338000
169000 253500 338000
253500 253500 338000
295750 253500 338000
108645 36185 253500
63375 63375 253500
190125 63375 253500
63375 190125 253500
190125 190125 253500
144855 217315 253500
52250 104500 418000
104500 104500 418000
209000 104500 418000
313500 104500 418000
365750 104500 418000
52250 313500 418000
104500 313500 418000
209000 313500 418000
313500 313500 418000
365750 313500 418000
15375 15375 61500
20505 20515 61500
46125 15375 61500
40995 20485 61500
20505 41015 61500
15375 46125 61500
40995 40985 61500
46125 46125 61500
37500 75000 300000
75000 75000 300000
150000 75000 300000
225000 75000 300000
262500 75000 300000
37500 225000 300000
75000 225000 300000
150000 225000 300000
225000 225000 300000
262500 225000 300000
74375 74375 297500
223125 74375 297500
74375 223125 297500
223125 223125 297500
50700 101400 405600
101400 101400 405600
202800 101400 405600
304200 101400 405600
354900 101400 405600
50700 304200 405600
101400 304200 405600
202800 304200 405600
304200 304200 405600
354900 304200 405600
29575 29575 118300
88725 29575 118300
29575 88725 118300
88725 88725 118300
113640 37860 265200
33150 66300 265200
66300 66300 265200
132600 66300 265200
198900 66300 265200
232050 66300 265200
33150 198900 265200
66300 198900 265200
132600 198900 265200
198900 198900 265200
232050 198900 265200
151560 227340 265200
82225 82225 328900
246675 82225 328900
82225 246675 328900
246675 246675 328900
48750 97500 390000
97500 97500 390000
195000 97500 390000
292500 97500 390000
341250 97500 390000
48750 292500 390000
97500 292500 390000
195000 292500 390000
292500 292500 390000
341250 292500 390000
40625 40625 162500
121875 40625 162500
40625 121875 162500
121875 121875 162500
63375 63375 253500
190125 63375 253500
63375 190125 253500
190125 190125 253500
42250 84500 338000
84500 84500 338000
169000 84500 338000
253500 84500 338000
295750 84500 338000
42250 253500 338000
84500 253500 338000
169000 253500 338000
253500 253500 338000
295750 253500 338000
96015 96015 384060
288045 96015 384060
96015 288045 384060
288045 288045 384060
22010 44020 176080
100626 25172 176080
44020 44020 176080
88040 44020 176080
132060 44020 176080
154070 44020 176080
22010 132060 176080
44020 132060 176080
88040 132060 176080
132060 132060 176080
75454 150908 176080
154070 132060 176080
105625 105625 422500
105625 316875 422500
316875 105625 422500
316875 316875 422500
28392 56784 227136
56784 56784 227136
28392 170352 227136
56784 170352 227136
97370 32448 227136
113568 56784 227136
129766 32448 227136
97370 194688 227136
113568 170352 227136
129766 194688 227136
170352 56784 227136
198744 56784 227136
170352 170352 227136
198744 170352 227136
89063 89063 356252
89063 267189 356252
267189 89063 356252
267189 267189 356252
5850 11700 46800
11700 11700 46800
5850 35100 46800
11700 35100 46800
23400 11700 46800
26738 6684 46800
23366 23388 46800
23434 23412 46800
20062 40116 46800
23400 35100 46800
35100 11700 46800
40950 11700 46800
35100 35100 46800
40950 35100 46800
104975 104975 419900
104975 314925 419900
314925 104975 419900
314925 314925 419900
33150 66300 265200
66300 66300 265200
33150 198900 265200
66300 198900 265200
132600 66300 265200
132600 198900 265200
198900 66300 265200
232050 66300 265200
198900 198900 265200
232050 198900 265200
82225 82225 328900
82225 246675 328900
246675 82225 328900
246675 246675 328900
13000 26000 104000
26000 26000 104000
13000 78000 104000
34642 34656 104000
26000 78000 104000
52000 26000 104000
52000 78000 104000
78000 26000 104000
69358 69344 104000
91000 26000 104000
78000 78000 104000
91000 78000 104000
102375 102375 409500
102375 307125 409500
307125 102375 409500
307125 307125 409500
38480 76960 307840
76960 76960 307840
38480 230880 307840
76960 230880 307840
153920 76960 307840
153920 230880 307840
230880 76960 307840
269360 76960 307840
230880 230880 307840
269360 230880 307840
72345 72345 289380
72345 217035 289380
217035 72345 289380
217035 217035 289380
18590 37180 148720
37180 37180 148720
18590 111540 148720
37180 111540 148720
49608 99164 148720
74360 37180 148720
74360 111540 148720
99112 49556 148720
111540 37180 148720
130130 37180 148720
111540 111540 148720
130130 111540 148720
98865 98865 395460
98865 296595 395460
296595 98865 395460
296595 296595 395460
42250 84500 338000
84500 84500 338000
42250 253500 338000
84500 253500 338000
169000 84500 338000
169000 253500 338000
253500 84500 338000
295750 84500 338000
253500 253500 338000
295750 253500 338000
63375 63375 253500
63375 190125 253500
108667 36231 253500
144833 217269 253500
190125 63375 253500
190125 190125 253500
40625 40625 162500
40625 121875 162500
121875 40625 162500
121875 121875 162500
48750 97500 390000
97500 97500 390000
48750 292500 390000
97500 292500 390000
195000 97500 390000
195000 292500 390000
292500 97500 390000
341250 97500 390000
292500 292500 390000
341250 292500 390000
86671 86671 346684
86671 260013 346684
260013 86671 346684
260013 260013 346684
30186 60372 241488
60372 60372 241488
30186 181116 241488
60372 181116 241488
120744 60372 241488
120744 181116 241488
181116 60372 241488
211302 60372 241488
181116 181116 241488
211302 181116 241488
89063 267189 356252
267189 267189 356252
89063 89063 356252
267189 89063 356252
56784 198744 227136
56784 170352 227136
170352 198744 227136
170352 170352 227136
32448 129766 227136
56784 113568 227136
32448 97370 227136
194688 129766 227136
170352 113568 227136
194688 97370 227136
56784 56784 227136
56784 28392 227136
170352 56784 227136
170352 28392 227136
104975 314925 419900
314925 314925 419900
104975 104975 419900
314925 104975 419900
11700 40950 46800
11700 35100 46800
35100 40950 46800
35100 35100 46800
11700 23400 46800
6684 20062 46800
23388 23434 46800
23412 23366 46800
40116 26738 46800
35100 23400 46800
11700 11700 46800
11700 5850 46800
35100 11700 46800
35100 5850 46800
82225 246675 328900
246675 246675 328900
82225 82225 328900
246675 82225 328900
66300 232050 265200
66300 198900 265200
198900 232050 265200
198900 198900 265200
66300 132600 265200
198900 132600 265200
66300 66300 265200
66300 33150 265200
198900 66300 265200
198900 33150 265200
102375 307125 409500
307125 307125 409500
102375 102375 409500
307125 102375 409500
26000 91000 104000
26000 78000 104000
78000 91000 104000
34656 69358 104000
78000 78000 104000
26000 52000 104000
78000 52000 104000
26000 26000 104000
69344 34642 104000
26000 13000 104000
78000 26000 104000
78000 13000 104000
72345 217035 289380
217035 217035 289380
72345 72345 289380
217035 72345 289380
76960 269360 307840
76960 230880 307840
230880 269360 307840
230880 230880 307840
76960 153920 307840
230880 153920 307840
76960 76960 307840
76960 38480 307840
230880 76960 307840
230880 38480 307840
98865 296595 395460
296595 296595 395460
98865 98865 395460
296595 98865 395460
37180 130130 148720
37180 111540 148720
111540 130130 148720
111540 111540 148720
99164 99112 148720
37180 74360 148720
111540 74360 148720
49556 49608 148720
37180 37180 148720
37180 18590 148720
111540 37180 148720
111540 18590 148720
63375 190125 253500
190125 190125 253500
36231 144833 253500
217269 108667 253500
63375 63375 253500
190125 63375 253500
84500 295750 338000
84500 253500 338000
253500 295750 338000
253500 253500 338000
84500 169000 338000
253500 169000 338000
84500 84500 338000
84500 42250 338000
253500 84500 338000
253500 42250 338000
97500 341250 390000
97500 292500 390000
292500 341250 390000
292500 292500 390000
97500 195000 390000
292500 195000 390000
97500 97500 390000
97500 48750 390000
292500 97500 390000
292500 48750 390000
40625 121875 162500
121875 121875 162500
40625 40625 162500
121875 40625 162500
60372 211302 241488
60372 181116 241488
181116 211302 241488
181116 181116 241488
60372 120744 241488
181116 120744 241488
60372 60372 241488
60372 30186 241488
181116 60372 241488
181116 30186 241488
86671 260013 346684
260013 260013 346684
86671 86671 346684
260013 86671 346684
105625 316875 422500
105625 105625 422500
316875 316875 422500
316875 105625 422500
33150 198900 265200
66300 198900 265200
33150 66300 265200
66300 66300 265200
132600 198900 265200
132600 66300 265200
198900 198900 265200
232050 198900 265200
198900 66300 265200
232050 66300 265200
82225 246675 328900
82225 82225 328900
246675 246675 328900
246675 82225 328900
5850 35100 46800
11700 35100 46800
5850 11700 46800
11700 11700 46800
23400 35100 46800
26738 40116 46800
23366 23412 46800
23434 23388 46800
20062 6684 46800
23400 11700 46800
35100 35100 46800
40950 35100 46800
35100 11700 46800
40950 11700 46800
104975 314925 419900
104975 104975 419900
314925 314925 419900
314925 104975 419900
38480 230880 307840
76960 230880 307840
38480 76960 307840
76960 76960 307840
153920 230880 307840
153920 76960 307840
230880 230880 307840
269360 230880 307840
230880 76960 307840
269360 76960 307840
72345 217035 289380
72345 72345 289380
217035 217035 289380
217035 72345 289380
13000 78000 104000
26000 78000 104000
13000 26000 104000
34642 69344 104000
26000 26000 104000
52000 78000 104000
52000 26000 104000
78000 78000 104000
69358 34656 104000
91000 78000 104000
78000 26000 104000
91000 26000 104000
102375 307125 409500
102375 102375 409500
307125 307125 409500
307125 102375 409500
42250 253500 338000
84500 253500 338000
42250 84500 338000
84500 84500 338000
169000 253500 338000
169000 84500 338000
253500 253500 338000
295750 253500 338000
253500 84500 338000
295750 84500 338000
63375 190125 253500
63375 63375 253500
108667 217269 253500
144833 36231 253500
190125 190125 253500
190125 63375 253500
18590 111540 148720
37180 111540 148720
18590 37180 148720
37180 37180 148720
49608 49556 148720
74360 111540 148720
74360 37180 148720
99112 99164 148720
111540 111540 148720
130130 111540 148720
111540 37180 148720
130130 37180 148720
98865 296595 395460
98865 98865 395460
296595 296595 395460
296595 98865 395460
86671 260013 346684
86671 86671 346684
260013 260013 346684
260013 86671 346684
30186 181116 241488
60372 181116 241488
30186 60372 241488
60372 60372 241488
120744 181116 241488
120744 60372 241488
181116 181116 241488
211302 181116 241488
181116 60372 241488
211302 60372 241488
40625 121875 162500
40625 40625 162500
121875 121875 162500
121875 40625 162500
48750 292500 390000
97500 292500 390000
48750 97500 390000
97500 97500 390000
195000 292500 390000
195000 97500 390000
292500 292500 390000
341250 292500 390000
292500 97500 390000
341250 97500 390000
82225 82225 328900
246675 82225 328900
82225 246675 328900
246675 246675 328900
66300 33150 265200
66300 66300 265200
198900 33150 265200
198900 66300 265200
66300 132600 265200
198900 132600 265200
66300 198900 265200
66300 232050 265200
198900 198900 265200
198900 232050 265200
104975 104975 419900
314925 104975 419900
104975 314925 419900
314925 314925 419900
11700 5850 46800
11700 11700 46800
35100 5850 46800
35100 11700 46800
11700 23400 46800
6684 26738 46800
23388 23366 46800
23412 23434 46800
40116 20062 46800
35100 23400 46800
11700 35100 46800
11700 40950 46800
35100 35100 46800
35100 40950 46800
72345 72345 289380
217035 72345 289380
72345 217035 289380
217035 217035 289380
76960 38480 307840
76960 76960 307840
230880 38480 307840
230880 76960 307840
76960 153920 307840
230880 153920 307840
76960 230880 307840
76960 269360 307840
230880 230880 307840
230880 269360 307840
102375 102375 409500
307125 102375 409500
102375 307125 409500
307125 307125 409500
26000 13000 104000
26000 26000 104000
78000 13000 104000
34656 34642 104000
78000 26000 104000
26000 52000 104000
78000 52000 104000
26000 78000 104000
69344 69358 104000
26000 91000 104000
78000 78000 104000
78000 91000 104000
63375 63375 253500
190125 63375 253500
36231 108667 253500
217269 144833 253500
63375 190125 253500
190125 190125 253500
84500 42250 338000
84500 84500 338000
253500 42250 338000
253500 84500 338000
84500 169000 338000
253500 169000 338000
84500 253500 338000
84500 295750 338000
253500 253500 338000
253500 295750 338000
98865 98865 395460
296595 98865 395460
98865 296595 395460
296595 296595 395460
37180 18590 148720
37180 37180 148720
111540 18590 148720
111540 37180 148720
99164 49608 148720
37180 74360 148720
111540 74360 148720
49556 99112 148720
37180 111540 148720
37180 130130 148720
111540 111540 148720
111540 130130 148720
60372 30186 241488
60372 60372 241488
181116 30186 241488
181116 60372 241488
60372 120744 241488
181116 120744 241488
60372 181116 241488
60372 211302 241488
181116 181116 241488
181116 211302 241488
86671 86671 346684
260013 86671 346684
86671 260013 346684
260013 260013 346684
97500 48750 390000
97500 97500 390000
292500 48750 390000
292500 97500 390000
97500 195000 390000
292500 195000 390000
97500 292500 390000
97500 341250 390000
292500 292500 390000
292500 341250 390000
40625 40625 162500
121875 40625 162500
40625 121875 162500
121875 121875 162500
105625 105625 422500
105625 316875 422500
316875 105625 422500
316875 316875 422500
37500 75000 300000
75000 75000 300000
37500 225000 300000
75000 225000 300000
150000 75000 300000
150000 225000 300000
225000 75000 300000
262500 75000 300000
225000 225000 300000
262500 225000 300000
74375 74375 297500
74375 223125 297500
223125 74375 297500
223125 223125 297500
7250 14500 58000
14500 14500 58000
8280 33140 58000
7250 43500 58000
14500 43500 58000
29000 14500 58000
19320 38660 58000
28960 28980 58000
29040 29020 58000
38680 19340 58000
29000 43500 58000
43500 14500 58000
50750 14500 58000
49720 24860 58000
43500 43500 58000
50750 43500 58000
104625 104625 418500
104625 313875 418500
313875 104625 418500
313875 313875 418500
42250 84500 338000
84500 84500 338000
42250 253500 338000
84500 253500 338000
169000 84500 338000
169000 253500 338000
253500 84500 338000
295750 84500 338000
253500 253500 338000
295750 253500 338000
63375 63375 253500
63375 190125 253500
144835 36195 253500
108665 217305 253500
190125 63375 253500
190125 190125 253500
13000 26000 104000
26000 26000 104000
13000 78000 104000
34690 34680 104000
26000 78000 104000
52000 26000 104000
52000 78000 104000
78000 26000 104000
69310 69320 104000
91000 26000 104000
78000 78000 104000
91000 78000 104000
102375 102375 409500
102375 307125 409500
307125 102375 409500
307125 307125 409500
45500 91000 364000
91000 91000 364000
45500 273000 364000
91000 273000 364000
182000 91000 364000
182000 273000 364000
273000 91000 364000
318500 91000 364000
273000 273000 364000
318500 273000 364000
53625 53625 214500
53625 160875 214500
160875 53625 214500
160875 160875 214500
29575 29575 118300
29575 88725 118300
88725 29575 118300
88725 88725 118300
50700 101400 405600
101400 101400 405600
50700 304200 405600
101400 304200 405600
202800 101400 405600
202800 304200 405600
304200 101400 405600
354900 101400 405600
304200 304200 405600
354900 304200 405600
92825 92825 371300
92825 278475 371300
278475 92825 371300
278475 278475 371300
25200 50400 201600
50400 50400 201600
25200 151200 201600
50400 151200 201600
100800 50400 201600
100800 151200 201600
151200 50400 201600
176400 50400 201600
151200 151200 201600
176400 151200 201600
74375 223125 297500
223125 223125 297500
74375 74375 297500
223125 74375 297500
75000 262500 300000
75000 225000 300000
225000 262500 300000
225000 225000 300000
75000 150000 300000
225000 150000 300000
75000 75000 300000
75000 37500 300000
225000 75000 300000
225000 37500 300000
104625 313875 418500
313875 313875 418500
104625 104625 418500
313875 104625 418500
14500 50750 58000
14500 43500 58000
33140 49720 58000
43500 50750 58000
43500 43500 58000
14500 29000 58000
38660 38680 58000
28980 29040 58000
29020 28960 58000
19340 19320 58000
43500 29000 58000
14500 14500 58000
14500 7250 58000
24860 8280 58000
43500 14500 58000
43500 7250 58000
63375 190125 253500
190125 190125 253500
36195 108665 253500
217305 144835 253500
63375 63375 253500
190125 63375 253500
84500 295750 338000
84500 253500 338000
253500 295750 338000
253500 253500 338000
84500 169000 338000
253500 169000 338000
84500 84500 338000
84500 42250 338000
253500 84500 338000
253500 42250 338000
102375 307125 409500
307125 307125 409500
102375 102375 409500
307125 102375 409500
26000 91000 104000
26000 78000 104000
78000 91000 104000
34680 69310 104000
78000 78000 104000
26000 52000 104000
78000 52000 104000
26000 26000 104000
69320 34690 104000
26000 13000 104000
78000 26000 104000
78000 13000 104000
53625 160875 214500
160875 160875 214500
53625 53625 214500
160875 53625 214500
91000 318500 364000
91000 273000 364000
273000 318500 364000
273000 273000 364000
91000 182000 364000
273000 182000 364000
91000 91000 364000
91000 45500 364000
273000 91000 364000
273000 45500 364000
101400 354900 405600
101400 304200 405600
304200 354900 405600
304200 304200 405600
101400 202800 405600
304200 202800 405600
101400 101400 405600
101400 50700 405600
304200 101400 405600
304200 50700 405600
29575 88725 118300
88725 88725 118300
29575 29575 118300
88725 29575 118300
50400 176400 201600
50400 151200 201600
151200 176400 201600
151200 151200 201600
50400 100800 201600
151200 100800 201600
50400 50400 201600
50400 25200 201600
151200 50400 201600
151200 25200 201600
92825 278475 371300
278475 278475 371300
92825 92825 371300
278475 92825 371300
105625 316875 422500
105625 105625 422500
316875 316875 422500
316875 105625 422500
42250 253500 338000
84500 253500 338000
42250 84500 338000
84500 84500 338000
169000 253500 338000
169000 84500 338000
253500 253500 338000
295750 253500 338000
253500 84500 338000
295750 84500 338000
63375 190125 253500
63375 63375 253500
144835 217305 253500
108665 36195 253500
190125 190125 253500
190125 63375 253500
7250 43500 58000
14500 43500 58000
8280 24860 58000
7250 14500 58000
14500 14500 58000
29000 43500 58000
19320 19340 58000
28960 29020 58000
29040 28980 58000
38680 38660 58000
29000 14500 58000
43500 43500 58000
50750 43500 58000
49720 33140 58000
43500 14500 58000
50750 14500 58000
104625 313875 418500
104625 104625 418500
313875 313875 418500
313875 104625 418500
45500 273000 364000
91000 273000 364000
45500 91000 364000
91000 91000 364000
182000 273000 364000
182000 91000 364000
273000 273000 364000
318500 273000 364000
273000 91000 364000
318500 91000 364000
53625 160875 214500
53625 53625 214500
160875 160875 214500
160875 53625 214500
13000 78000 104000
26000 78000 104000
13000 26000 104000
34690 69320 104000
26000 26000 104000
52000 78000 104000
52000 26000 104000
78000 78000 104000
69310 34680 104000
91000 78000 104000
78000 26000 104000
91000 26000 104000
102375 307125 409500
102375 102375 409500
307125 307125 409500
307125 102375 409500
92825 278475 371300
92825 92825 371300
278475 278475 371300
278475 92825 371300
25200 151200 201600
50400 151200 201600
25200 50400 201600
50400 50400 201600
100800 151200 201600
100800 50400 201600
151200 151200 201600
176400 151200 201600
151200 50400 201600
176400 50400 201600
29575 88725 118300
29575 29575 118300
88725 88725 118300
88725 29575 118300
50700 304200 405600
101400 304200 405600
50700 101400 405600
101400 101400 405600
202800 304200 405600
202800 101400 405600
304200 304200 405600
354900 304200 405600
304200 101400 405600
354900 101400 405600
63375 63375 253500
190125 63375 253500
36195 144835 253500
217305 108665 253500
63375 190125 253500
190125 190125 253500
84500 42250 338000
84500 84500 338000
253500 42250 338000
253500 84500 338000
84500 169000 338000
253500 169000 338000
84500 253500 338000
84500 295750 338000
253500 253500 338000
253500 295750 338000
104625 104625 418500
313875 104625 418500
104625 313875 418500
313875 313875 418500
14500 7250 58000
14500 14500 58000
33140 8280 58000
43500 7250 58000
43500 14500 58000
14500 29000 58000
38660 19320 58000
28980 28960 58000
29020 29040 58000
19340 38680 58000
43500 29000 58000
14500 43500 58000
14500 50750 58000
24860 49720 58000
43500 43500 58000
43500 50750 58000
53625 53625 214500
160875 53625 214500
53625 160875 214500
160875 160875 214500
91000 45500 364000
91000 91000 364000
273000 45500 364000
273000 91000 364000
91000 182000 364000
273000 182000 364000
91000 273000 364000
91000 318500 364000
273000 273000 364000
273000 318500 364000
102375 102375 409500
307125 102375 409500
102375 307125 409500
307125 307125 409500
26000 13000 104000
26000 26000 104000
78000 13000 104000
34680 34690 104000
78000 26000 104000
26000 52000 104000
78000 52000 104000
26000 78000 104000
69320 69310 104000
26000 91000 104000
78000 78000 104000
78000 91000 104000
50400 25200 201600
50400 50400 201600
151200 25200 201600
151200 50400 201600
50400 100800 201600
151200 100800 201600
50400 151200 201600
50400 176400 201600
151200 151200 201600
151200 176400 201600
92825 92825 371300
278475 92825 371300
92825 278475 371300
278475 278475 371300
101400 50700 405600
101400 101400 405600
304200 50700 405600
304200 101400 405600
101400 202800 405600
304200 202800 405600
101400 304200 405600
101400 354900 405600
304200 304200 405600
304200 354900 405600
29575 29575 118300
88725 29575 118300
29575 88725 118300
88725 88725 118300
105625 105625 422500
105625 316875 422500
316875 105625 422500
316875 316875 422500
46200 92400 369600
92400 92400 369600
46200 277200 369600
184800 92400 369600
92400 277200 369600
277200 92400 369600
184800 277200 369600
323400 92400 369600
277200 277200 369600
323400 277200 369600
51175 51175 204700
51175 153525 204700
153525 51175 204700
153525 153525 204700
5850 11700 46800
6690 20060 46800
11700 11700 46800
5850 35100 46800
23400 11700 46800
11700 35100 46800
23370 23380 46800
23430 23420 46800
35100 11700 46800
23400 35100 46800
40950 11700 46800
35100 35100 46800
40110 26740 46800
40950 35100 46800
104975 104975 419900
104975 314925 419900
314925 104975 419900
314925 314925 419900
48750 97500 390000
97500 97500 390000
48750 292500 390000
195000 97500 390000
97500 292500 390000
292500 97500 390000
195000 292500 390000
341250 97500 390000
292500 292500 390000
341250 292500 390000
40625 40625 162500
40625 121875 162500
121875 40625 162500
121875 121875 162500
15375 15375 61500
20487 20491 61500
15375 46125 61500
20487 40991 61500
41013 20509 61500
46125 15375 61500
41013 41009 61500
46125 46125 61500
52250 104500 418000
104500 104500 418000
52250 313500 418000
209000 104500 418000
104500 313500 418000
313500 104500 418000
209000 313500 418000
365750 104500 418000
313500 313500 418000
365750 313500 418000
98865 98865 395460
98865 296595 395460
296595 98865 395460
296595 296595 395460
18590 37180 148720
37180 37180 148720
18590 111540 148720
74360 37180 148720
37180 111540 148720
111540 37180 148720
74360 111540 148720
130130 37180 148720
111540 111540 148720
130130 111540 148720
51175 153525 204700
153525 153525 204700
51175 51175 204700
153525 51175 204700
92400 323400 369600
92400 277200 369600
277200 323400 369600
92400 184800 369600
277200 277200 369600
92400 92400 369600
277200 184800 369600
92400 46200 369600
277200 92400 369600
277200 46200 369600
104975 314925 419900
314925 314925 419900
104975 104975 419900
314925 104975 419900
11700 40950 46800
20060 40110 46800
11700 35100 46800
35100 40950 46800
11700 23400 46800
35100 35100 46800
23380 23430 46800
23420 23370 46800
11700 11700 46800
35100 23400 46800
11700 5850 46800
35100 11700 46800
26740 6690 46800
35100 5850 46800
40625 121875 162500
121875 121875 162500
40625 40625 162500
121875 40625 162500
97500 341250 390000
97500 292500 390000
292500 341250 390000
97500 195000 390000
292500 292500 390000
97500 97500 390000
292500 195000 390000
97500 48750 390000
292500 97500 390000
292500 48750 390000
104500 365750 418000
104500 313500 418000
313500 365750 418000
104500 209000 418000
313500 313500 418000
104500 104500 418000
313500 209000 418000
104500 52250 418000
313500 104500 418000
313500 52250 418000
15375 46125 61500
20491 41013 61500
46125 46125 61500
40991 41013 61500
20509 20487 61500
15375 15375 61500
41009 20487 61500
46125 15375 61500
37180 130130 148720
37180 111540 148720
111540 130130 148720
37180 74360 148720
111540 111540 148720
37180 37180 148720
111540 74360 148720
37180 18590 148720
111540 37180 148720
111540 18590 148720
98865 296595 395460
296595 296595 395460
98865 98865 395460
296595 98865 395460
105625 316875 422500
105625 105625 422500
316875 316875 422500
316875 105625 422500
48750 292500 390000
97500 292500 390000
48750 97500 390000
195000 292500 390000
97500 97500 390000
292500 292500 390000
195000 97500 390000
341250 292500 390000
292500 97500 390000
341250 97500 390000
40625 121875 162500
40625 40625 162500
121875 121875 162500
121875 40625 162500
5850 35100 46800
6690 26740 46800
11700 35100 46800
5850 11700 46800
23400 35100 46800
11700 11700 46800
23370 23420 46800
23430 23380 46800
35100 35100 46800
23400 11700 46800
40950 35100 46800
35100 11700 46800
40110 20060 46800
40950 11700 46800
104975 314925 419900
104975 104975 419900
314925 314925 419900
314925 104975 419900
98865 296595 395460
98865 98865 395460
296595 296595 395460
296595 98865 395460
18590 111540 148720
37180 111540 148720
18590 37180 148720
74360 111540 148720
37180 37180 148720
111540 111540 148720
74360 37180 148720
130130 111540 148720
111540 37180 148720
130130 37180 148720
15375 46125 61500
20487 41009 61500
15375 15375 61500
20487 20509 61500
41013 40991 61500
46125 46125 61500
41013 20491 61500
46125 15375 61500
52250 313500 418000
104500 313500 418000
52250 104500 418000
209000 313500 418000
104500 104500 418000
313500 313500 418000
209000 104500 418000
365750 313500 418000
313500 104500 418000
365750 104500 418000
40625 40625 162500
121875 40625 162500
40625 121875 162500
121875 121875 162500
97500 48750 390000
97500 97500 390000
292500 48750 390000
97500 195000 390000
292500 97500 390000
97500 292500 390000
292500 195000 390000
97500 341250 390000
292500 292500 390000
292500 341250 390000
104975 104975 419900
314925 104975 419900
104975 314925 419900
314925 314925 419900
11700 5850 46800
20060 6690 46800
11700 11700 46800
35100 5850 46800
11700 23400 46800
35100 11700 46800
23380 23370 46800
23420 23430 46800
11700 35100 46800
35100 23400 46800
11700 40950 46800
35100 35100 46800
26740 40110 46800
35100 40950 46800
37180 18590 148720
37180 37180 148720
111540 18590 148720
37180 74360 148720
111540 37180 148720
37180 111540 148720
111540 74360 148720
37180 130130 148720
111540 111540 148720
111540 130130 148720
98865 98865 395460
296595 98865 395460
98865 296595 395460
296595 296595 395460
104500 52250 418000
104500 104500 418000
313500 52250 418000
104500 209000 418000
313500 104500 418000
104500 313500 418000
313500 209000 418000
104500 365750 418000
313500 313500 418000
313500 365750 418000
15375 15375 61500
20491 20487 61500
46125 15375 61500
40991 20487 61500
20509 41013 61500
15375 46125 61500
41009 41013 61500
46125 46125 61500
105625 105625 422500
105625 316875 422500
316875 105625 422500
316875 316875 422500
50700 101400 405600
101400 101400 405600
50700 304200 405600
202800 101400 405600
101400 304200 405600
304200 101400 405600
202800 304200 405600
354900 101400 405600
304200 304200 405600
354900 304200 405600
29575 29575 118300
39455 39455 118300
29575 88725 118300
88725 29575 118300
78845 78845 118300
88725 88725 118300
3705 3705 14820
3705 11115 14820
7401 7403 14820
7419 7417 14820
11115 3705 14820
11115 11115 14820
52780 105560 422240
105560 105560 422240
52780 316680 422240
211120 105560 422240
105560 316680 422240
316680 105560 422240
211120 316680 422240
369460 105560 422240
316680 316680 422240
369460 316680 422240
102375 102375 409500
102375 307125 409500
307125 102375 409500
307125 307125 409500
13000 26000 104000
26000 26000 104000
52000 26000 104000
13000 78000 104000
26000 78000 104000
34686 69352 104000
69314 34648 104000
78000 26000 104000
91000 26000 104000
52000 78000 104000
78000 78000 104000
91000 78000 104000
29575 88725 118300
39455 78845 118300
88725 88725 118300
29575 29575 118300
78845 39455 118300
88725 29575 118300
101400 354900 405600
101400 304200 405600
101400 202800 405600
304200 354900 405600
304200 304200 405600
101400 101400 405600
101400 50700 405600
304200 202800 405600
304200 101400 405600
304200 50700 405600
105560 369460 422240
105560 316680 422240
105560 211120 422240
316680 369460 422240
316680 316680 422240
105560 105560 422240
105560 52780 422240
316680 211120 422240
316680 105560 422240
316680 52780 422240
3705 11115 14820
11115 11115 14820
7403 7419 14820
7417 7401 14820
3705 3705 14820
11115 3705 14820
26000 91000 104000
26000 78000 104000
26000 52000 104000
78000 91000 104000
78000 78000 104000
69352 69314 104000
34648 34686 104000
26000 26000 104000
26000 13000 104000
78000 52000 104000
78000 26000 104000
78000 13000 104000
102375 307125 409500
307125 307125 409500
102375 102375 409500
307125 102375 409500
105625 316875 422500
105625 105625 422500
316875 316875 422500
316875 105625 422500
102375 307125 409500
102375 102375 409500
307125 307125 409500
307125 102375 409500
13000 78000 104000
26000 78000 104000
52000 78000 104000
13000 26000 104000
26000 26000 104000
34686 34648 104000
69314 69352 104000
78000 78000 104000
91000 78000 104000
52000 26000 104000
78000 26000 104000
91000 26000 104000
3705 11115 14820
3705 3705 14820
7401 7417 14820
7419 7403 14820
11115 11115 14820
11115 3705 14820
52780 316680 422240
105560 316680 422240
52780 105560 422240
211120 316680 422240
105560 105560 422240
316680 316680 422240
211120 105560 422240
369460 316680 422240
316680 105560 422240
369460 105560 422240
26000 13000 104000
26000 26000 104000
26000 52000 104000
78000 13000 104000
78000 26000 104000
69352 34686 104000
34648 69314 104000
26000 78000 104000
26000 91000 104000
78000 52000 104000
78000 78000 104000
78000 91000 104000
102375 102375 409500
307125 102375 409500
102375 307125 409500
307125 307125 409500
105560 52780 422240
105560 105560 422240
105560 211120 422240
316680 52780 422240
316680 105560 422240
105560 316680 422240
105560 369460 422240
316680 211120 422240
316680 316680 422240
316680 369460 422240
3705 3705 14820
11115 3705 14820
7403 7401 14820
7417 7419 14820
3705 11115 14820
11115 11115 14820
105625 105625 422500
105625 316875 422500
316875 105625 422500
316875 316875 422500
103224 51612 412896
103224 103224 412896
103224 206448 412896
309672 51612 412896
103224 309672 412896
309672 103224 412896
103224 361284 412896
309672 206448 412896
309672 309672 412896
309672 361284 412896
22393 22393 89572
29841 29841 89572
12803 51191 89572
51191 12803 89572
22393 67179 89572
44737 44737 89572
44835 44835 89572
67179 22393 89572
38381 76769 89572
76769 38381 89572
59731 59731 89572
67179 67179 89572
22393 67179 89572
29841 59731 89572
51191 76769 89572
12803 38381 89572
67179 67179 89572
44737 44835 89572
44835 44737 89572
22393 22393 89572
76769 51191 89572
38381 12803 89572
59731 29841 89572
67179 22393 89572
51612 309672 412896
103224 309672 412896
206448 309672 412896
51612 103224 412896
309672 309672 412896
103224 103224 412896
361284 309672 412896
206448 103224 412896
309672 103224 412896
361284 103224 412896
105625 316875 422500
105625 105625 422500
316875 316875 422500
316875 105625 422500
# pairs 301793408 inside 120823652 out 3300
