# N 325 r 2500001 10000000 rotations 60 functionals 30
# F 325 0
# F 0 325
# F 323 36
# F 36 -323
# F 323 -36
# F 36 323
# F 315 80
# F 80 -315
# F 315 -80
# F 80 315
# F 312 91
# F 91 -312
# F 312 -91
# F 91 312
# F 300 125
# F 125 -300
# F 300 -125
# F 125 300
# F 280 165
# F 165 -280
# F 280 -165
# F 165 280
# F 260 195
# F 195 -260
# F 260 -195
# F 195 260
# F 253 204
# F 204 -253
# F 253 -204
# F 204 253
50130000036 100285000002 117000000000
58410000036 58495000002 117000000000
58589999964 58504999998 117000000000
66869999964 16714999998 117000000000
50130000036 16714999998 117000000000
58410000036 58504999998 117000000000
58589999964 58495000002 117000000000
66869999964 100285000002 117000000000
86600000080 173325000010 260000000000
173399999920 86674999990 260000000000
86600000080 86674999990 260000000000
173399999920 173325000010 260000000000
98507500091 98572500013 295750000000
197242499909 197177499987 295750000000
98507500091 197177499987 295750000000
197242499909 98572500013 295750000000
271537500195 90512500065 633750000000
362212499805 543237499935 633750000000
271537500195 543237499935 633750000000
362212499805 90512500065 633750000000
16714999998 50130000036 117000000000
58504999998 58410000036 117000000000
58495000002 58589999964 117000000000
100285000002 66869999964 117000000000
100285000002 50130000036 117000000000
58495000002 58410000036 117000000000
58504999998 58589999964 117000000000
16714999998 66869999964 117000000000
86674999990 86600000080 260000000000
173325000010 173399999920 260000000000
173325000010 86600000080 260000000000
86674999990 173399999920 260000000000
197177499987 98507500091 295750000000
98572500013 197242499909 295750000000
98572500013 98507500091 295750000000
197177499987 197242499909 295750000000
543237499935 271537500195 633750000000
90512500065 362212499805 633750000000
90512500065 271537500195 633750000000
543237499935 362212499805 633750000000
77579999928 77520000000 232560000000
77579999928 155040000000 232560000000
154980000072 77520000000 232560000000
154980000072 155040000000 232560000000
20729999956 82859999992 145000000000
48369999956 48339999992 145000000000
72390000044 72480000008 145000000000
72609999956 72519999992 145000000000
96630000044 96660000008 145000000000
124270000044 62140000008 145000000000
60582499945 121082499989 181610000000
121027500055 60527500011 181610000000
90607499799 362127500043 633750000000
543142500201 271622499957 633750000000
243300000168 486695000070 567840000000
324539999832 81144999930 567840000000
77520000000 154980000072 232560000000
155040000000 154980000072 232560000000
77520000000 77579999928 232560000000
155040000000 77579999928 232560000000
82859999992 124270000044 145000000000
48339999992 96630000044 145000000000
72480000008 72609999956 145000000000
72519999992 72390000044 145000000000
96660000008 48369999956 145000000000
62140000008 20729999956 145000000000
121082499989 121027500055 181610000000
60527500011 60582499945 181610000000
362127500043 543142500201 633750000000
271622499957 90607499799 633750000000
486695000070 324539999832 567840000000
81144999930 243300000168 567840000000
20729999956 62140000008 145000000000
48369999956 96660000008 145000000000
72390000044 72519999992 145000000000
72609999956 72480000008 145000000000
96630000044 48339999992 145000000000
124270000044 82859999992 145000000000
60582499945 60527500011 181610000000
121027500055 121082499989 181610000000
90607499799 271622499957 633750000000
543142500201 362127500043 633750000000
243300000168 81144999930 567840000000
324539999832 486695000070 567840000000
82859999992 20729999956 145000000000
48339999992 48369999956 145000000000
72480000008 72390000044 145000000000
72519999992 72609999956 145000000000
96660000008 96630000044 145000000000
62140000008 124270000044 145000000000
121082499989 60582499945 181610000000
60527500011 121027500055 181610000000
362127500043 90607499799 633750000000
271622499957 543142500201 633750000000
486695000070 243300000168 567840000000
81144999930 324539999832 567840000000
18497500011 18517500003 37050000000
18552499989 18532499997 37050000000
51287499955 51262499985 153750000000
51212500045 102487500015 153750000000
102537499955 51262499985 153750000000
102462500045 102487500015 153750000000
90462500205 271612499985 633750000000
543287499795 362137500015 633750000000
94650000180 284100000120 663000000000
568349999820 378899999880 663000000000
62929999876 251564999938 440200000000
377270000124 188635000062 440200000000
18517500003 18552499989 37050000000
18532499997 18497500011 37050000000
51262499985 102462500045 153750000000
102487500015 102537499955 153750000000
51262499985 51212500045 153750000000
102487500015 51287499955 153750000000
271612499985 543287499795 633750000000
362137500015 90462500205 633750000000
284100000120 568349999820 663000000000
378899999880 94650000180 663000000000
251564999938 377270000124 440200000000
188635000062 62929999876 440200000000
18497500011 18532499997 37050000000
18552499989 18517500003 37050000000
90462500205 362137500015 633750000000
543287499795 271612499985 633750000000
51287499955 102487500015 153750000000
51212500045 51262499985 153750000000
102537499955 102487500015 153750000000
102462500045 51262499985 153750000000
94650000180 378899999880 663000000000
568349999820 284100000120 663000000000
62929999876 188635000062 440200000000
377270000124 251564999938 440200000000
18517500003 18497500011 37050000000
18532499997 18552499989 37050000000
271612499985 90462500205 633750000000
362137500015 543287499795 633750000000
51262499985 51287499955 153750000000
102487500015 51212500045 153750000000
51262499985 102537499955 153750000000
102487500015 102462500045 153750000000
284100000120 94650000180 663000000000
378899999880 568349999820 663000000000
251564999938 62929999876 440200000000
188635000062 377270000124 440200000000
243424999818 81120000000 567840000000
324415000182 81120000000 567840000000
243424999818 486720000000 567840000000
324415000182 486720000000 567840000000
66845000034 16710000012 117000000000
58415000034 58470000012 117000000000
58584999966 58529999988 117000000000
50154999966 100289999988 117000000000
86605000074 86640000032 260000000000
173394999926 173359999968 260000000000
124019999896 247909999948 371800000000
247780000104 123890000052 371800000000
271667499831 90577499883 633750000000
362082500169 543172500117 633750000000
81120000000 324415000182 567840000000
81120000000 243424999818 567840000000
486720000000 324415000182 567840000000
486720000000 243424999818 567840000000
16710000012 50154999966 117000000000
58470000012 58584999966 117000000000
58529999988 58415000034 117000000000
100289999988 66845000034 117000000000
86640000032 173394999926 260000000000
173359999968 86605000074 260000000000
247909999948 247780000104 371800000000
123890000052 124019999896 371800000000
90577499883 362082500169 633750000000
543172500117 271667499831 633750000000
66845000034 100289999988 117000000000
58415000034 58529999988 117000000000
58584999966 58470000012 117000000000
50154999966 16710000012 117000000000
86605000074 173359999968 260000000000
173394999926 86640000032 260000000000
271667499831 543172500117 633750000000
362082500169 90577499883 633750000000
124019999896 123890000052 371800000000
247780000104 247909999948 371800000000
16710000012 66845000034 117000000000
58470000012 58415000034 117000000000
58529999988 58584999966 117000000000
100289999988 50154999966 117000000000
86640000032 86605000074 260000000000
173359999968 173394999926 260000000000
90577499883 271667499831 633750000000
543172500117 362082500169 633750000000
247909999948 124019999896 371800000000
123890000052 247780000104 371800000000
20700000040 82850000020 145000000000
48300000040 96650000020 145000000000
72400000040 72450000020 145000000000
72599999960 72549999980 145000000000
96699999960 48349999980 145000000000
124299999960 62149999980 145000000000
362087500155 90487500135 633750000000
271662499845 543262499865 633750000000
86724999930 86699999960 260000000000
173275000070 173300000040 260000000000
82850000020 124299999960 145000000000
96650000020 96699999960 145000000000
72450000020 72599999960 145000000000
72549999980 72400000040 145000000000
48349999980 48300000040 145000000000
62149999980 20700000040 145000000000
90487500135 271662499845 633750000000
543262499865 362087500155 633750000000
86699999960 173275000070 260000000000
173300000040 86724999930 260000000000
362087500155 543262499865 633750000000
271662499845 90487500135 633750000000
20700000040 62149999980 145000000000
48300000040 48349999980 145000000000
72400000040 72549999980 145000000000
72599999960 72450000020 145000000000
96699999960 96650000020 145000000000
124299999960 82850000020 145000000000
86724999930 173300000040 260000000000
173275000070 86699999960 260000000000
90487500135 362087500155 633750000000
543262499865 271662499845 633750000000
82850000020 20700000040 145000000000
96650000020 48300000040 145000000000
72450000020 72400000040 145000000000
72549999980 72599999960 145000000000
48349999980 96699999960 145000000000
62149999980 124299999960 145000000000
86699999960 86724999930 260000000000
173300000040 173275000070 260000000000
16724999970 50149999980 117000000000
58425000030 58450000020 117000000000
58574999970 58549999980 117000000000
100275000030 66850000020 117000000000
51217500039 51227500027 153750000000
51217500039 102477500027 153750000000
102532499961 51272499973 153750000000
102532499961 102522499973 153750000000
50149999980 100275000030 117000000000
58450000020 58574999970 117000000000
58549999980 58425000030 117000000000
66850000020 16724999970 117000000000
51227500027 102532499961 153750000000
102477500027 102532499961 153750000000
51272499973 51217500039 153750000000
102522499973 51217500039 153750000000
16724999970 66850000020 117000000000
58425000030 58549999980 117000000000
58574999970 58450000020 117000000000
100275000030 50149999980 117000000000
51217500039 102522499973 153750000000
51217500039 51272499973 153750000000
102532499961 102477500027 153750000000
102532499961 51227500027 153750000000
50149999980 16724999970 117000000000
58450000020 58425000030 117000000000
58549999980 58574999970 117000000000
66850000020 100275000030 117000000000
51227500027 51217500039 153750000000
102477500027 51217500039 153750000000
51272499973 102532499961 153750000000
102522499973 102532499961 153750000000
98637499935 98637499935 295750000000
197112500065 197112500065 295750000000
18502500009 18507500007 37050000000
18547499991 18542499993 37050000000
86714999942 173379999944 260000000000
173285000058 86620000056 260000000000
98637499935 197112500065 295750000000
197112500065 98637499935 295750000000
18507500007 18547499991 37050000000
18542499993 18502500009 37050000000
173379999944 173285000058 260000000000
86620000056 86714999942 260000000000
86714999942 86620000056 260000000000
173285000058 173379999944 260000000000
18502500009 18542499993 37050000000
18547499991 18507500007 37050000000
173379999944 86714999942 260000000000
86620000056 173285000058 260000000000
18507500007 18502500009 37050000000
18542499993 18547499991 37050000000
74602500049 74602500049 223930000000
32007499951 127977499951 223930000000
127977499951 32007499951 223930000000
111842500049 111842500049 223930000000
112087499951 112087499951 223930000000
95952500049 191922500049 223930000000
191922500049 95952500049 223930000000
149327499951 149327499951 223930000000
74602500049 149327499951 223930000000
127977499951 191922500049 223930000000
32007499951 95952500049 223930000000
111842500049 112087499951 223930000000
112087499951 111842500049 223930000000
191922500049 127977499951 223930000000
95952500049 32007499951 223930000000
149327499951 74602500049 223930000000
# pairs 301793408 inside 120823652 out 300
