# N 65 r 7 25 rotations 36 functionals 18
# F 65 0
# F 0 65
# F 63 16
# F 16 -63
# F 63 -16
# F 16 63
# F 60 25
# F 25 -60
# F 60 -25
# F 25 60
# F 56 33
# F 33 -56
# F 56 -33
# F 33 56
# F 52 39
# F 39 -52
# F 52 -39
# F 39 52
8688 17336 26000
12912 12989 26000
13088 13011 26000
17312 8664 26000
14616 73132 102375
87759 29243 102375
8688 8664 26000
12912 13011 26000
13088 12989 26000
17312 17336 26000
14616 29243 102375
87759 73132 102375
17919 17887 53625
35706 35738 53625
17919 35738 53625
35706 17887 53625
9048 45266 63375
54327 18109 63375
9048 18109 63375
54327 45266 63375
29243 14616 102375
73132 87759 102375
8664 8688 26000
13011 12912 26000
12989 13088 26000
17336 17312 26000
73132 14616 102375
29243 87759 102375
17336 8688 26000
12989 12912 26000
13011 13088 26000
8664 17312 26000
35738 17919 53625
17887 35706 53625
17887 17919 53625
35738 35706 53625
18109 9048 63375
45266 54327 63375
45266 9048 63375
18109 54327 63375
5113 5121 15375
5137 10254 15375
7638 7671 15375
7737 7704 15375
10238 5121 15375
10262 10254 15375
18113 54321 63375
45262 9054 63375
21243 10626 74375
53132 63749 74375
27335 27423 82225
54890 54802 82225
18948 56832 66300
47352 9468 66300
5121 10262 15375
10254 10238 15375
7671 7737 15375
7704 7638 15375
5121 5137 15375
10254 5113 15375
54321 45262 63375
9054 18113 63375
10626 53132 74375
63749 21243 74375
56832 47352 66300
9468 18948 66300
27423 54890 82225
54802 27335 82225
18113 9054 63375
45262 54321 63375
5113 10254 15375
5137 5121 15375
7638 7704 15375
7737 7671 15375
10238 10254 15375
10262 5121 15375
21243 63749 74375
53132 10626 74375
27335 54802 82225
54890 27423 82225
18948 9468 66300
47352 56832 66300
54321 18113 63375
9054 45262 63375
5121 5113 15375
10254 5137 15375
7671 7638 15375
7704 7737 15375
5121 10238 15375
10254 10262 15375
10626 21243 74375
63749 53132 74375
56832 18948 66300
9468 47352 66300
27423 27335 82225
54802 54890 82225
4144 2072 14500
4844 9672 14500
7206 7228 14500
7294 7272 14500
9656 4828 14500
10356 12428 14500
9058 18111 63375
54317 45264 63375
8648 8656 26000
17352 17344 26000
14636 29247 102375
87739 73128 102375
2072 10356 14500
9672 9656 14500
7228 7294 14500
7272 7206 14500
4828 4844 14500
12428 4144 14500
18111 54317 63375
45264 9058 63375
29247 87739 102375
73128 14636 102375
8656 17352 26000
17344 8648 26000
9058 45264 63375
54317 18111 63375
4144 12428 14500
4844 4828 14500
7206 7272 14500
7294 7228 14500
9656 9672 14500
10356 2072 14500
8648 17344 26000
17352 8656 26000
14636 73128 102375
87739 29247 102375
18111 9058 63375
45264 54317 63375
2072 4144 14500
9672 4844 14500
7228 7206 14500
7272 7294 14500
4828 9656 14500
12428 10356 14500
29247 14636 102375
73128 87739 102375
8656 8648 26000
17344 17352 26000
17089 17089 51175
34086 34086 51175
5817 5828 11700
3342 10028 11700
8358 1672 11700
5883 5872 11700
13567 27106 40625
27058 13519 40625
17089 34086 51175
34086 17089 51175
5828 5883 11700
10028 8358 11700
1672 3342 11700
5872 5817 11700
27106 27058 40625
13519 13567 40625
13567 13519 40625
27058 27106 40625
5817 5872 11700
3342 1672 11700
8358 10028 11700
5883 5828 11700
27106 13567 40625
13519 27058 40625
5828 5817 11700
10028 3342 11700
1672 8358 11700
5872 5883 11700
9841 9841 29575
14716 14716 29575
14859 14859 29575
19734 19734 29575
9841 19734 29575
14716 14859 29575
14859 14716 29575
19734 9841 29575
# pairs 4594560 inside 1734260 out 180
