# N 65 r 2501 10000 rotations 36 functionals 18
# F 65 0
# F 0 65
# F 63 16
# F 16 -63
# F 63 -16
# F 16 63
# F 60 25
# F 25 -60
# F 60 -25
# F 25 60
# F 56 33
# F 33 -56
# F 56 -33
# F 33 56
# F 52 39
# F 39 -52
# F 52 -39
# F 39 52
1239984 6004998 10400000
3479984 6934998 10400000
5160016 5195002 10400000
5239984 5204998 10400000
6920016 3465002 10400000
9160016 4395002 10400000
5827563 29267451 40950000
35122437 11682549 40950000
1239984 4395002 10400000
3479984 3465002 10400000
5160016 5204998 10400000
5239984 5195002 10400000
6920016 6934998 10400000
9160016 6004998 10400000
5827563 11682549 40950000
35122437 29267451 40950000
7177467 7157491 21450000
14272533 14292509 21450000
4339944 15394902 36400000
32060056 21005098 36400000
7177467 14292509 21450000
14272533 7157491 21450000
4339944 21005098 36400000
32060056 15394902 36400000
3607539 18102513 25350000
21742461 7247487 25350000
3607539 7247487 25350000
21742461 18102513 25350000
11682549 5827563 40950000
29267451 35122437 40950000
4395002 1239984 10400000
3465002 3479984 10400000
5204998 5160016 10400000
5195002 5239984 10400000
6934998 6920016 10400000
6004998 9160016 10400000
29267451 5827563 40950000
11682549 35122437 40950000
6004998 1239984 10400000
6934998 3479984 10400000
5195002 5160016 10400000
5204998 5239984 10400000
3465002 6920016 10400000
4395002 9160016 10400000
21005098 4339944 36400000
15394902 32060056 36400000
14292509 7177467 21450000
7157491 14272533 21450000
15394902 4339944 36400000
21005098 32060056 36400000
7157491 7177467 21450000
14292509 14272533 21450000
7247487 3607539 25350000
18102513 21742461 25350000
18102513 3607539 25350000
7247487 21742461 25350000
2400000 8505126 20160000
2400000 11654874 20160000
17760000 8505126 20160000
17760000 11654874 20160000
2042509 2047503 6150000
2057491 4102497 6150000
3052509 3067503 6150000
3097491 3082497 6150000
4092509 2047503 6150000
4107491 4102497 6150000
7172541 14932497 25350000
7257459 21727503 25350000
18092541 3622497 25350000
18177459 10417503 25350000
4820072 17144970 40560000
35739928 23415030 40560000
8482549 4252493 29750000
21267451 25497507 29750000
10917555 10972489 32890000
9307523 19367615 32890000
23582477 13522385 32890000
21972445 21917511 32890000
7589964 22739976 26520000
18930036 3780024 26520000
8505126 17760000 20160000
11654874 17760000 20160000
8505126 2400000 20160000
11654874 2400000 20160000
2047503 4107491 6150000
4102497 4092509 6150000
3067503 3097491 6150000
3082497 3052509 6150000
2047503 2057491 6150000
4102497 2042509 6150000
14932497 18177459 25350000
21727503 18092541 25350000
3622497 7257459 25350000
10417503 7172541 25350000
17144970 35739928 40560000
23415030 4820072 40560000
4252493 21267451 29750000
25497507 8482549 29750000
22739976 18930036 26520000
3780024 7589964 26520000
10972489 21972445 32890000
19367615 23582477 32890000
13522385 9307523 32890000
21917511 10917555 32890000
7172541 10417503 25350000
7257459 3622497 25350000
18092541 21727503 25350000
18177459 14932497 25350000
2042509 4102497 6150000
2057491 2047503 6150000
3052509 3082497 6150000
3097491 3067503 6150000
4092509 4102497 6150000
4107491 2047503 6150000
8482549 25497507 29750000
21267451 4252493 29750000
4820072 23415030 40560000
35739928 17144970 40560000
10917555 21917511 32890000
9307523 13522385 32890000
23582477 19367615 32890000
21972445 10972489 32890000
7589964 3780024 26520000
18930036 22739976 26520000
14932497 7172541 25350000
21727503 7257459 25350000
3622497 18092541 25350000
10417503 18177459 25350000
2047503 2042509 6150000
4102497 2057491 6150000
3067503 3052509 6150000
3082497 3097491 6150000
2047503 4092509 6150000
4102497 4107491 6150000
4252493 8482549 29750000
25497507 21267451 29750000
17144970 4820072 40560000
23415030 35739928 40560000
22739976 7589964 26520000
3780024 18930036 26520000
10972489 10917555 32890000
19367615 9307523 32890000
13522385 23582477 32890000
21917511 21972445 32890000
8500000 12300120 30000000
8500000 17699880 30000000
21500000 12300120 30000000
21500000 17699880 30000000
1659992 829996 5800000
1939992 3869996 5800000
2880008 2890004 5800000
2919992 2909996 5800000
3860008 1930004 5800000
4140008 4970004 5800000
3632469 7252473 25350000
21717531 18097527 25350000
3455014 3460008 10400000
6944986 6939992 10400000
5877423 11692521 40950000
35072577 29257479 40950000
10319936 21460008 36400000
26080064 14939992 36400000
12300120 21500000 30000000
17699880 21500000 30000000
12300120 8500000 30000000
17699880 8500000 30000000
829996 4140008 5800000
3869996 3860008 5800000
2890004 2919992 5800000
2909996 2880008 5800000
1930004 1939992 5800000
4970004 1659992 5800000
7252473 21717531 25350000
18097527 3632469 25350000
11692521 35072577 40950000
29257479 5877423 40950000
3460008 6944986 10400000
6939992 3455014 10400000
21460008 26080064 36400000
14939992 10319936 36400000
3632469 18097527 25350000
21717531 7252473 25350000
1659992 4970004 5800000
1939992 1930004 5800000
2880008 2909996 5800000
2919992 2890004 5800000
3860008 3869996 5800000
4140008 829996 5800000
10319936 14939992 36400000
26080064 21460008 36400000
3455014 6939992 10400000
6944986 3460008 10400000
5877423 29257479 40950000
35072577 11692521 40950000
7252473 3632469 25350000
18097527 21717531 25350000
829996 1659992 5800000
3869996 1939992 5800000
2890004 2880008 5800000
2909996 2919992 5800000
1930004 3860008 5800000
4970004 4140008 5800000
21460008 10319936 36400000
14939992 26080064 36400000
11692521 5877423 40950000
29257479 35072577 40950000
3460008 3455014 10400000
6939992 6944986 10400000
6842477 6842477 20470000
13627523 13627523 20470000
2325006 2330004 4680000
1335006 4010004 4680000
3344994 669996 4680000
2354994 2349996 4680000
5432481 10847483 16250000
10817519 5402517 16250000
6842477 13627523 20470000
13627523 6842477 20470000
2330004 2354994 4680000
4010004 3344994 4680000
669996 1335006 4680000
2349996 2325006 4680000
10847483 10817519 16250000
5402517 5432481 16250000
5432481 5402517 16250000
10817519 10847483 16250000
2325006 2349996 4680000
1335006 669996 4680000
3344994 4010004 4680000
2354994 2330004 4680000
10847483 5432481 16250000
5402517 10817519 16250000
2330004 2325006 4680000
4010004 1335006 4680000
669996 3344994 4680000
2349996 2354994 4680000
3932513 3932513 11830000
5882513 5882513 11830000
5947487 5947487 11830000
7897487 7897487 11830000
3932513 7897487 11830000
5882513 5947487 11830000
5947487 5882513 11830000
7897487 3932513 11830000
# pairs 4594560 inside 1734260 out 244
