# N 65 r 2857143 10000000 rotations 36 functionals 18
# F 65 0
# F 0 65
# F 63 16
# F 16 -63
# F 63 -16
# F 16 63
# F 60 25
# F 25 -60
# F 60 -25
# F 25 60
# F 56 33
# F 33 -56
# F 56 -33
# F 33 56
# F 52 39
# F 39 -52
# F 52 -39
# F 39 52
3474285712 6934285714 10400000000
5165714288 5195714286 10400000000
5234285712 5204285714 10400000000
6925714288 3465714286 10400000000
3474285712 3465714286 10400000000
5165714288 5204285714 10400000000
5234285712 5195714286 10400000000
6925714288 6934285714 10400000000
7165714281 7154285713 21450000000
14284285719 14295714287 21450000000
7165714281 14295714287 21450000000
14284285719 7154285713 21450000000
3465714286 3474285712 10400000000
5204285714 5165714288 10400000000
5195714286 5234285712 10400000000
6934285714 6925714288 10400000000
6934285714 3474285712 10400000000
5195714286 5165714288 10400000000
5204285714 5234285712 10400000000
3465714286 6925714288 10400000000
14295714287 7165714281 21450000000
7154285713 14284285719 21450000000
7154285713 7165714281 21450000000
14295714287 14284285719 21450000000
2045714287 2048571429 6150000000
2054285713 4101428571 6150000000
3055714287 3068571429 6150000000
3094285713 3081428571 6150000000
4095714287 2048571429 6150000000
4104285713 4101428571 6150000000
10937142865 10968571427 32890000000
21952857135 21921428573 32890000000
2048571429 4104285713 6150000000
4101428571 4095714287 6150000000
3068571429 3094285713 6150000000
3081428571 3055714287 6150000000
2048571429 2054285713 6150000000
4101428571 2045714287 6150000000
10968571427 21952857135 32890000000
21921428573 10937142865 32890000000
2045714287 4101428571 6150000000
2054285713 2048571429 6150000000
3055714287 3081428571 6150000000
3094285713 3068571429 6150000000
4095714287 4101428571 6150000000
4104285713 2048571429 6150000000
10937142865 21921428573 32890000000
21952857135 10968571427 32890000000
2048571429 2045714287 6150000000
4101428571 2054285713 6150000000
3068571429 3055714287 6150000000
3081428571 3094285713 6150000000
2048571429 4095714287 6150000000
4101428571 4104285713 6150000000
10968571427 10937142865 32890000000
21921428573 21952857135 32890000000
1937142856 3868571428 5800000000
2882857144 2891428572 5800000000
2917142856 2908571428 5800000000
3862857144 1931428572 5800000000
3460000002 3462857144 10400000000
6939999998 6937142856 10400000000
3868571428 3862857144 5800000000
2891428572 2917142856 5800000000
2908571428 2882857144 5800000000
1931428572 1937142856 5800000000
3462857144 6939999998 10400000000
6937142856 3460000002 10400000000
1937142856 1931428572 5800000000
2882857144 2908571428 5800000000
2917142856 2891428572 5800000000
3862857144 3868571428 5800000000
3460000002 6937142856 10400000000
6939999998 3462857144 10400000000
3868571428 1937142856 5800000000
2891428572 2882857144 5800000000
2908571428 2917142856 5800000000
1931428572 3862857144 5800000000
3462857144 3460000002 10400000000
6937142856 6939999998 10400000000
6834285711 6834285711 20470000000
13635714289 13635714289 20470000000
2327142858 2331428572 4680000000
2352857142 2348571428 4680000000
5425714283 10841428569 16250000000
10824285717 5408571431 16250000000
6834285711 13635714289 20470000000
13635714289 6834285711 20470000000
2331428572 2352857142 4680000000
2348571428 2327142858 4680000000
10841428569 10824285717 16250000000
5408571431 5425714283 16250000000
5425714283 5408571431 16250000000
10824285717 10841428569 16250000000
2327142858 2348571428 4680000000
2352857142 2331428572 4680000000
10841428569 5425714283 16250000000
5408571431 10824285717 16250000000
2331428572 2327142858 4680000000
2348571428 2352857142 4680000000
3937142859 3937142859 11830000000
5887142859 5887142859 11830000000
5942857141 5942857141 11830000000
7892857141 7892857141 11830000000
3937142859 7892857141 11830000000
5887142859 5942857141 11830000000
5942857141 5887142859 11830000000
7892857141 3937142859 11830000000
# pairs 4594560 inside 1734260 out 108
