# N 25 r 17 56 rotations 20 functionals 10
# F 25 0
# F 0 25
# F 24 7
# F 7 -24
# F 24 -7
# F 7 24
# F 20 15
# F 15 -20
# F 20 -15
# F 15 20
9375 9375 35000
9375 25625 35000
25625 9375 35000
25625 25625 35000
2625 2625 9800
2863 959 9800
3255 3265 9800
4823 4889 9800
4977 4911 9800
6545 6535 9800
6937 8841 9800
7175 7175 9800
9000 24600 33600
9816 3288 33600
23784 30312 33600
24600 9000 33600
2625 7175 9800
2863 8841 9800
3255 6535 9800
4823 4911 9800
4977 4889 9800
6545 3265 9800
6937 959 9800
7175 2625 9800
9000 9000 33600
9816 30312 33600
23784 3288 33600
24600 24600 33600
9300 9350 28000
18700 18650 28000
9300 18650 28000
18700 9350 28000
9000 9000 33600
30312 9816 33600
3288 23784 33600
24600 24600 33600
7175 2625 9800
8841 2863 9800
6535 3255 9800
4911 4823 9800
4889 4977 9800
3265 6545 9800
959 6937 9800
2625 7175 9800
24600 9000 33600
3288 9816 33600
30312 23784 33600
9000 24600 33600
2625 2625 9800
959 2863 9800
3265 3255 9800
4889 4823 9800
4911 4977 9800
6535 6545 9800
8841 6937 9800
7175 7175 9800
18650 9300 28000
9350 18700 28000
9350 9300 28000
18650 18700 28000
3425 24775 35000
10225 3425 35000
24775 31575 35000
31575 10225 35000
7905 7905 29512
9809 9809 29512
19703 19703 29512
21607 21607 29512
4120 8220 12320
6072 6116 12320
6248 6204 12320
8200 4100 12320
9370 18660 28000
18630 9340 28000
7905 21607 29512
9809 19703 29512
19703 9809 29512
21607 7905 29512
8220 8200 12320
6116 6248 12320
6204 6072 12320
4100 4120 12320
18660 18630 28000
9340 9370 28000
3425 10225 35000
10225 31575 35000
24775 3425 35000
31575 24775 35000
9370 9340 28000
18630 18660 28000
4120 4100 12320
6072 6204 12320
6248 6116 12320
8200 8220 12320
18660 9370 28000
9340 18630 28000
8220 4120 12320
6116 6072 12320
6204 6248 12320
4100 8200 12320
5125 875 35000
875 29875 35000
34125 5125 35000
29875 34125 35000
840 4920 33600
840 28680 33600
32760 4920 33600
32760 28680 33600
245 1435 9800
1435 245 9800
3275 3275 9800
4845 4845 9800
4955 4955 9800
6525 6525 9800
8365 9555 9800
9555 8365 9800
1435 9555 9800
245 8365 9800
3275 6525 9800
4845 4955 9800
4955 4845 9800
6525 3275 9800
9555 1435 9800
8365 245 9800
4920 32760 33600
28680 32760 33600
4920 840 33600
28680 840 33600
5125 34125 35000
875 5125 35000
34125 29875 35000
29875 875 35000
# pairs 212736 inside 78884 out 132
