# N 125 r 17 56 rotations 28 functionals 14
# F 125 0
# F 0 125
# F 120 35
# F 35 -120
# F 120 -35
# F 35 120
# F 117 44
# F 44 -117
# F 117 -44
# F 44 117
# F 100 75
# F 75 -100
# F 100 -75
# F 75 100
128125 128125 875000
128125 746875 875000
746875 128125 875000
746875 746875 875000
35875 35875 245000
81725 81675 245000
122115 122445 245000
122885 122555 245000
163275 163325 245000
209125 209125 245000
123000 717000 840000
717000 123000 840000
35875 209125 245000
81725 163325 245000
122115 122555 245000
122885 122445 245000
163275 81675 245000
209125 35875 245000
123000 123000 840000
717000 717000 840000
233500 233250 700000
466500 466750 700000
233500 466750 700000
466500 233250 700000
123000 123000 840000
717000 717000 840000
209125 35875 245000
163325 81725 245000
122555 122115 245000
122445 122885 245000
81675 163275 245000
35875 209125 245000
717000 123000 840000
123000 717000 840000
35875 35875 245000
81675 81725 245000
122445 122115 245000
122555 122885 245000
163325 163275 245000
209125 209125 245000
466750 233500 700000
233250 466500 700000
233250 233500 700000
466750 466500 700000
108035 108035 737800
629765 629765 737800
22135 22125 66360
22105 44235 66360
33081 33147 66360
33279 33213 66360
44255 22125 66360
44225 44235 66360
233150 466700 700000
466850 233300 700000
108035 629765 737800
629765 108035 737800
22125 44225 66360
44235 44255 66360
33147 33279 66360
33213 33081 66360
22125 22105 66360
44235 22135 66360
466700 466850 700000
233300 233150 700000
22135 44235 66360
22105 22125 66360
33081 33213 66360
33279 33147 66360
44255 44235 66360
44225 22125 66360
233150 233300 700000
466850 466700 700000
22125 22135 66360
44235 22105 66360
33147 33081 66360
33213 33279 66360
22125 44255 66360
44235 44225 66360
466700 233150 700000
233300 466850 700000
219511 219511 658168
438657 438657 658168
47775 203175 245000
81615 163305 245000
122159 122313 245000
122841 122687 245000
163385 81695 245000
197225 41825 245000
163800 696600 840000
676200 143400 840000
143871 611847 737800
593929 125953 737800
219511 438657 658168
438657 219511 658168
696600 676200 840000
143400 163800 840000
203175 197225 245000
163305 163385 245000
122313 122841 245000
122687 122159 245000
81695 81615 245000
41825 47775 245000
611847 593929 737800
125953 143871 737800
143871 125953 737800
593929 611847 737800
47775 41825 245000
81615 81695 245000
122159 122687 245000
122841 122313 245000
163385 163305 245000
197225 203175 245000
163800 143400 840000
676200 696600 840000
611847 143871 737800
125953 593929 737800
696600 163800 840000
143400 676200 840000
203175 47775 245000
163305 81615 245000
122313 122159 245000
122687 122841 245000
81695 163385 245000
41825 197225 245000
149375 170625 875000
170625 725625 875000
704375 149375 875000
725625 704375 875000
163800 143400 840000
163800 696600 840000
676200 143400 840000
676200 696600 840000
41825 47775 245000
47775 41825 245000
81625 81625 245000
122225 122225 245000
122775 122775 245000
163375 163375 245000
197225 203175 245000
203175 197225 245000
47775 203175 245000
41825 197225 245000
81625 163375 245000
122225 122775 245000
122775 122225 245000
163375 81625 245000
203175 47775 245000
197225 41825 245000
143400 676200 840000
696600 676200 840000
143400 163800 840000
696600 163800 840000
149375 704375 875000
170625 149375 875000
704375 725625 875000
725625 170625 875000
# pairs 9445184 inside 3868932 out 156
