# N 5 r 17 56 rotations 12 functionals 6
# F 5 0
# F 0 5
# F 4 3
# F 3 -4
# F 4 -3
# F 3 4
475 475 1400
475 925 1400
925 475 1400
925 925 1400
387 409 840
453 431 840
380 370 1120
740 750 1120
387 431 840
453 409 840
380 750 1120
740 370 1120
750 380 1120
370 740 1120
431 387 840
409 453 840
370 380 1120
750 740 1120
409 387 840
431 453 840
175 375 1400
1025 175 1400
375 1225 1400
1225 1025 1400
168 360 1344
438 448 1344
168 984 1344
438 896 1344
906 448 1344
1176 360 1344
906 896 1344
1176 984 1344
129 129 392
49 287 392
287 49 392
185 185 392
207 207 392
105 343 392
343 105 392
263 263 392
129 263 392
287 343 392
49 105 392
185 207 392
207 185 392
343 287 392
105 49 392
263 129 392
360 1176 1344
448 906 1344
984 1176 1344
896 906 1344
448 438 1344
360 168 1344
896 438 1344
984 168 1344
175 1025 1400
1025 1225 1400
375 175 1400
1225 375 1400
# pairs 5216 inside 1108 out 60
