# N 625 r 17 56 rotations 36 functionals 18
# F 625 0
# F 0 625
# F 600 175
# F 175 -600
# F 600 -175
# F 175 600
# F 585 220
# F 220 -585
# F 585 -220
# F 220 585
# F 527 336
# F 336 -527
# F 527 -336
# F 336 527
# F 500 375
# F 375 -500
# F 500 -375
# F 375 500
3734375 3734375 21875000
3734375 18140625 21875000
18140625 3734375 21875000
18140625 18140625 21875000
1045625 1045625 6125000
2041375 2041625 6125000
3060575 3062225 6125000
3064425 3062775 6125000
4083625 4083375 6125000
5079375 5079375 6125000
3585000 17415000 21000000
17415000 3585000 21000000
1045625 5079375 6125000
2041375 4083375 6125000
3060575 3062775 6125000
3064425 3062225 6125000
4083625 2041625 6125000
5079375 1045625 6125000
3585000 3585000 21000000
17415000 17415000 21000000
5832500 5833750 17500000
11667500 11666250 17500000
5832500 11666250 17500000
11667500 5833750 17500000
3585000 3585000 21000000
17415000 17415000 21000000
5079375 1045625 6125000
4083375 2041375 6125000
3062775 3060575 6125000
3062225 3064425 6125000
2041625 4083625 6125000
1045625 5079375 6125000
17415000 3585000 21000000
3585000 17415000 21000000
1045625 1045625 6125000
2041625 2041375 6125000
3062225 3060575 6125000
3062775 3064425 6125000
4083375 4083625 6125000
5079375 5079375 6125000
11666250 5832500 17500000
5833750 11667500 17500000
5833750 5832500 17500000
11666250 11667500 17500000
3148825 3148825 18445000
15296175 15296175 18445000
552925 552975 1659000
553075 1106025 1659000
829005 829335 1659000
829995 829665 1659000
1105925 552975 1659000
1106075 1106025 1659000
5485585 10969345 16454200
10968615 5484855 16454200
3148825 15296175 18445000
15296175 3148825 18445000
552975 1106075 1659000
1106025 1105925 1659000
829335 829995 1659000
829665 829005 1659000
552975 553075 1659000
1106025 552925 1659000
10969345 10968615 16454200
5484855 5485585 16454200
552925 1106025 1659000
553075 552975 1659000
829005 829665 1659000
829995 829335 1659000
1105925 1106025 1659000
1106075 552975 1659000
5485585 5484855 16454200
10968615 10969345 16454200
552975 552925 1659000
1106025 553075 1659000
829335 829005 1659000
829665 829995 1659000
552975 1105925 1659000
1106025 1106075 1659000
10969345 5485585 16454200
5484855 10968615 16454200
5484125 5484125 16454200
10970075 10970075 16454200
1505100 3009910 4514720
2256084 2256722 4514720
2258636 2257998 4514720
3009620 1504810 4514720
5484125 10970075 16454200
10970075 5484125 16454200
3009910 3009620 4514720
2256722 2258636 4514720
2257998 2256084 4514720
1504810 1505100 4514720
1505100 1504810 4514720
2256084 2257998 4514720
2258636 2256722 4514720
3009620 3009910 4514720
3009910 1505100 4514720
2256722 2256084 4514720
2257998 2258636 4514720
1504810 3009620 4514720
553065 553045 1659000
553065 1106045 1659000
829071 829203 1659000
829929 829797 1659000
1105935 552955 1659000
1105935 1105955 1659000
553045 1105935 1659000
1106045 1105935 1659000
829203 829929 1659000
829797 829071 1659000
552955 553065 1659000
1105955 553065 1659000
553065 1105955 1659000
553065 552955 1659000
829071 829797 1659000
829929 829203 1659000
1105935 1106045 1659000
1105935 553045 1659000
553045 553065 1659000
1106045 553065 1659000
829203 829071 1659000
829797 829929 1659000
552955 1105935 1659000
1105955 1105935 1659000
2041875 2041875 6125000
3061125 3061125 6125000
3063875 3063875 6125000
4083125 4083125 6125000
2041875 4083125 6125000
3061125 3063875 6125000
3063875 3061125 6125000
4083125 2041875 6125000
# pairs 401110112 inside 160111076 out 132
