# group Z/2 x Z/2 x Z/2 x Z/2  n=16  exponent M=2  |Aut|=20160  classes=15
S=(1,0,0,0)(0,1,0,0)(0,0,1,0)(0,0,0,1) |S|=4 kappa=1/2 col=330465 acyc=197547 noT4=197547 noSq=197547 ABeq=197547 T4butABeq=0 ABneq_charfail=0 chars_ge=1 hom15/4=1 ok
S=(1,0,0,0)(0,1,0,0)(1,1,0,0)(0,0,1,0)(0,0,0,1) |S|=5 kappa=0/2 col=1926 acyc=0 noT4=0 noSq=0 ABeq=0 T4butABeq=0 ABneq_charfail=1926 chars_ge=0 hom15/4=0 ok
S=(0,1,0,0)(1,1,0,0)(0,0,1,0)(1,0,1,0)(0,0,0,1) |S|=5 kappa=1/2 col=186999 acyc=123903 noT4=123903 noSq=123903 ABeq=123903 T4butABeq=0 ABneq_charfail=0 chars_ge=1 hom15/4=1 ok
S=(1,0,0,0)(0,1,0,0)(1,1,0,0)(0,0,1,0)(1,0,1,0)(0,0,0,1) |S|=6 kappa=0/2 col=504 acyc=0 noT4=0 noSq=0 ABeq=0 T4butABeq=0 ABneq_charfail=504 chars_ge=0 hom15/4=0 ok
S=(1,0,0,0)(0,1,0,0)(1,1,0,0)(0,0,1,0)(1,0,1,0)(0,1,1,0)(0,0,0,1) |S|=7 kappa=0/2 col=54 acyc=0 noT4=0 noSq=0 ABeq=0 T4butABeq=0 ABneq_charfail=54 chars_ge=0 hom15/4=0 ok
S=(1,0,0,0)(0,1,0,0)(1,1,0,0)(0,0,1,0)(1,0,1,0)(0,1,1,0)(1,1,1,0)(0,0,0,1) |S|=8 kappa=0/2 not4col
S=(0,1,0,0)(1,1,0,0)(0,0,1,0)(1,0,1,0)(0,0,0,1)(1,0,0,1) |S|=6 kappa=1/2 col=135687 acyc=94111 noT4=94111 noSq=94111 ABeq=94111 T4butABeq=0 ABneq_charfail=0 chars_ge=1 hom15/4=1 ok
S=(1,0,0,0)(0,1,0,0)(1,1,0,0)(0,0,1,0)(1,0,1,0)(0,0,0,1)(1,0,0,1) |S|=7 kappa=0/2 col=384 acyc=0 noT4=0 noSq=0 ABeq=0 T4butABeq=0 ABneq_charfail=384 chars_ge=0 hom15/4=0 ok
S=(1,0,0,0)(0,1,0,0)(0,0,1,0)(0,1,1,0)(0,0,0,1)(1,0,0,1) |S|=6 kappa=0/2 col=144 acyc=0 noT4=0 noSq=0 ABeq=0 T4butABeq=0 ABneq_charfail=144 chars_ge=0 hom15/4=0 ok
S=(1,1,0,0)(0,0,1,0)(0,1,1,0)(0,0,0,1)(1,0,0,1) |S|=5 kappa=0/2 col=7140 acyc=0 noT4=0 noSq=0 ABeq=0 T4butABeq=0 ABneq_charfail=7140 chars_ge=0 hom15/4=0 ok
S=(1,0,0,0)(1,1,0,0)(0,0,1,0)(0,1,1,0)(0,0,0,1)(1,0,0,1) |S|=6 kappa=0/2 col=846 acyc=0 noT4=0 noSq=0 ABeq=0 T4butABeq=0 ABneq_charfail=846 chars_ge=0 hom15/4=0 ok
S=(1,0,0,0)(0,1,0,0)(1,1,0,0)(0,0,1,0)(0,1,1,0)(0,0,0,1)(1,0,0,1) |S|=7 kappa=0/2 col=72 acyc=0 noT4=0 noSq=0 ABeq=0 T4butABeq=0 ABneq_charfail=72 chars_ge=0 hom15/4=0 ok
S=(0,1,0,0)(1,1,0,0)(0,0,1,0)(1,0,1,0)(0,1,1,0)(0,0,0,1)(1,0,0,1) |S|=7 kappa=0/2 col=414 acyc=0 noT4=0 noSq=0 ABeq=0 T4butABeq=0 ABneq_charfail=414 chars_ge=0 hom15/4=0 ok
S=(1,0,0,0)(0,1,0,0)(1,1,0,0)(0,0,1,0)(1,0,1,0)(0,1,1,0)(0,0,0,1)(1,0,0,1) |S|=8 kappa=0/2 col=24 acyc=0 noT4=0 noSq=0 ABeq=0 T4butABeq=0 ABneq_charfail=24 chars_ge=0 hom15/4=0 ok
S=(0,1,0,0)(1,1,0,0)(0,0,1,0)(1,0,1,0)(0,1,1,0)(1,1,1,0)(0,0,0,1)(1,0,0,1) |S|=8 kappa=0/2 col=54 acyc=0 noT4=0 noSq=0 ABeq=0 T4butABeq=0 ABneq_charfail=54 chars_ge=0 hom15/4=0 ok
S=(1,0,0,0)(0,1,0,0)(1,1,0,0)(0,0,1,0)(1,0,1,0)(0,1,1,0)(1,1,1,0)(0,0,0,1)(1,0,0,1) |S|=9 kappa=0/2 not4col
S=(1,0,0,0)(0,1,0,0)(0,0,1,0)(1,0,1,0)(0,1,1,0)(0,0,0,1)(1,0,0,1)(0,1,0,1) |S|=8 kappa=0/2 col=42 acyc=0 noT4=0 noSq=0 ABeq=0 T4butABeq=0 ABneq_charfail=42 chars_ge=0 hom15/4=0 ok
S=(1,0,0,0)(0,1,0,0)(1,1,0,0)(0,0,1,0)(1,0,1,0)(0,1,1,0)(0,0,0,1)(1,0,0,1)(0,1,0,1) |S|=9 kappa=0/2 col=6 acyc=0 noT4=0 noSq=0 ABeq=0 T4butABeq=0 ABneq_charfail=6 chars_ge=0 hom15/4=0 ok
S=(0,0,1,0)(1,0,1,0)(0,1,1,0)(1,1,1,0)(0,0,0,1)(1,0,0,1)(0,1,0,1) |S|=7 kappa=1/2 col=116157 acyc=81787 noT4=81787 noSq=81787 ABeq=81787 T4butABeq=0 ABneq_charfail=0 chars_ge=1 hom15/4=1 ok
S=(1,0,0,0)(0,0,1,0)(1,0,1,0)(0,1,1,0)(1,1,1,0)(0,0,0,1)(1,0,0,1)(0,1,0,1) |S|=8 kappa=0/2 col=384 acyc=0 noT4=0 noSq=0 ABeq=0 T4butABeq=0 ABneq_charfail=384 chars_ge=0 hom15/4=0 ok
S=(1,0,0,0)(0,1,0,0)(0,0,1,0)(1,0,1,0)(0,1,1,0)(1,1,1,0)(0,0,0,1)(1,0,0,1)(0,1,0,1) |S|=9 kappa=0/2 col=24 acyc=0 noT4=0 noSq=0 ABeq=0 T4butABeq=0 ABneq_charfail=24 chars_ge=0 hom15/4=0 ok
S=(1,0,0,0)(0,1,0,0)(1,1,0,0)(0,0,1,0)(1,0,1,0)(0,1,1,0)(1,1,1,0)(0,0,0,1)(1,0,0,1)(0,1,0,1) |S|=10 kappa=0/2 not4col
S=(0,0,1,0)(1,0,1,0)(0,1,1,0)(1,1,1,0)(0,0,0,1)(1,0,0,1)(0,1,0,1)(1,1,0,1) |S|=8 kappa=1/2 col=109893 acyc=77635 noT4=77635 noSq=77635 ABeq=77635 T4butABeq=0 ABneq_charfail=0 chars_ge=1 hom15/4=1 ok
S=(1,0,0,0)(0,0,1,0)(1,0,1,0)(0,1,1,0)(1,1,1,0)(0,0,0,1)(1,0,0,1)(0,1,0,1)(1,1,0,1) |S|=9 kappa=0/2 col=384 acyc=0 noT4=0 noSq=0 ABeq=0 T4butABeq=0 ABneq_charfail=384 chars_ge=0 hom15/4=0 ok
S=(1,0,0,0)(0,1,0,0)(0,0,1,0)(1,0,1,0)(0,1,1,0)(1,1,1,0)(0,0,0,1)(1,0,0,1)(0,1,0,1)(1,1,0,1) |S|=10 kappa=0/2 col=24 acyc=0 noT4=0 noSq=0 ABeq=0 T4butABeq=0 ABneq_charfail=24 chars_ge=0 hom15/4=0 ok
S=(1,0,0,0)(0,1,0,0)(1,1,0,0)(0,0,1,0)(1,0,1,0)(0,1,1,0)(1,1,1,0)(0,0,0,1)(1,0,0,1)(0,1,0,1)(1,1,0,1) |S|=11 kappa=0/2 not4col
S=(1,0,0,0)(0,1,0,0)(1,1,0,0)(0,0,1,0)(1,0,1,0)(0,1,1,0)(0,0,0,1)(1,0,0,1)(0,1,0,1)(0,0,1,1) |S|=10 kappa=0/2 not4col
S=(0,1,0,0)(1,1,0,0)(0,0,1,0)(1,0,1,0)(1,1,1,0)(0,0,0,1)(1,0,0,1)(0,1,0,1)(0,0,1,1) |S|=9 kappa=0/2 col=12 acyc=0 noT4=0 noSq=0 ABeq=0 T4butABeq=0 ABneq_charfail=12 chars_ge=0 hom15/4=0 ok
S=(1,0,0,0)(0,1,0,0)(1,1,0,0)(0,0,1,0)(1,0,1,0)(1,1,1,0)(0,0,0,1)(1,0,0,1)(0,1,0,1)(0,0,1,1) |S|=10 kappa=0/2 col=6 acyc=0 noT4=0 noSq=0 ABeq=0 T4butABeq=0 ABneq_charfail=6 chars_ge=0 hom15/4=0 ok
S=(1,0,0,0)(0,1,0,0)(1,1,0,0)(0,0,1,0)(1,0,1,0)(0,1,1,0)(1,1,1,0)(0,0,0,1)(1,0,0,1)(0,1,0,1)(0,0,1,1) |S|=11 kappa=0/2 not4col
S=(1,0,0,0)(0,1,0,0)(0,0,1,0)(1,0,1,0)(0,1,1,0)(1,1,1,0)(0,0,0,1)(1,0,0,1)(0,1,0,1)(1,1,0,1)(0,0,1,1) |S|=11 kappa=0/2 col=6 acyc=0 noT4=0 noSq=0 ABeq=0 T4butABeq=0 ABneq_charfail=6 chars_ge=0 hom15/4=0 ok
S=(1,0,0,0)(0,1,0,0)(1,1,0,0)(0,0,1,0)(1,0,1,0)(0,1,1,0)(1,1,1,0)(0,0,0,1)(1,0,0,1)(0,1,0,1)(1,1,0,1)(0,0,1,1) |S|=12 kappa=0/2 not4col
S=(0,1,0,0)(1,1,0,0)(0,0,1,0)(1,0,1,0)(0,1,1,0)(1,1,1,0)(0,0,0,1)(1,0,0,1)(0,1,0,1)(1,1,0,1)(0,0,1,1)(1,0,1,1) |S|=12 kappa=0/2 col=6 acyc=0 noT4=0 noSq=0 ABeq=0 T4butABeq=0 ABneq_charfail=6 chars_ge=0 hom15/4=0 ok
S=(1,0,0,0)(0,1,0,0)(1,1,0,0)(0,0,1,0)(1,0,1,0)(0,1,1,0)(1,1,1,0)(0,0,0,1)(1,0,0,1)(0,1,0,1)(1,1,0,1)(0,0,1,1)(1,0,1,1) |S|=13 kappa=0/2 not4col
S=(1,0,0,0)(0,1,0,0)(1,1,0,0)(0,0,1,0)(1,0,1,0)(0,1,1,0)(1,1,1,0)(0,0,0,1)(1,0,0,1)(0,1,0,1)(1,1,0,1)(0,0,1,1)(1,0,1,1)(0,1,1,1) |S|=14 kappa=0/2 not4col
S=(1,0,0,0)(0,1,0,0)(1,1,0,0)(0,0,1,0)(1,0,1,0)(0,1,1,0)(1,1,1,0)(0,0,0,1)(1,0,0,1)(0,1,0,1)(1,1,0,1)(0,0,1,1)(1,0,1,1)(0,1,1,1)(1,1,1,1) |S|=15 kappa=0/2 not4col
# summary: generating S classes=36, 4-colourable=26, colourings(c(0)=0)=891657, BAD=0
